loadNumber pickup dropoff
1 (-2.578896735753476,-193.78016590594405) (-52.955430172211656,-146.1011386197029)
2 (-103.0376621578856,180.69336164938503) (-56.9601983677491,155.59798122039703)
3 (68.96514790731584,-62.148553740530126) (7.674251444182239,7.83334675772128)
4 (-27.858503225306197,45.24110091216012) (-81.77070721081915,121.77356410891876)
5 (-31.465246947345815,75.23420944990127) (-117.6440660275906,28.466355694231254)
6 (-77.67249374454632,-108.8747451600041) (-5.511619731470603,-174.18161405546243)
7 (-13.564819986679817,-16.01584390835602) (-60.68840649942778,-0.8199623662266902)
8 (-16.598739317459277,56.49371138902623) (6.614119538391922,24.411028019343597)
9 (-0.5314537161207961,6.740172320435199) (-44.91180062756449,-13.711358469415842)
10 (-115.01310683727856,24.725240215849396) (-148.69454910838618,-37.26058339329784)
11 (-169.73141549856507,-27.556529662794127) (-247.83706548402253,-10.737403967761)
12 (-73.87335940776607,-186.31165326323259) (-128.4024081270681,-246.64203268942236)
13 (-276.2470506994047,209.58628043955417) (-229.33479974472058,220.96805369052495)
14 (-168.47165567458293,1.6657296241693809) (-137.8062570688629,-81.82300179639184)
15 (-295.3794388706238,16.261853973205046) (-296.58719297994935,29.014178879088032)
16 (-225.5212015139101,-3.5469611200777083) (-274.34771510081987,-17.090652743089617)
17 (-38.93588169109775,83.5754120985533) (-30.52605949512286,172.49377182524057)
18 (-169.10388223969434,-133.82554606176282) (-173.2084672938717,-66.110602668982)
19 (-15.53369159022774,-97.49387574398192) (0.6162617476528993,-76.45987828305644)
20 (-24.570521709459264,242.13405512512102) (-99.04031204364094,188.46189772254152)
21 (-60.60184638398756,151.9366127991417) (-56.06606563467748,143.77518269280557)
22 (37.81345071244357,98.95673464094469) (27.904356659511077,57.465626915959945)
23 (-143.37596813660036,-29.53101118932144) (-238.6137977725814,-52.71108987197069)
24 (-182.80470653713516,-9.602290167729237) (-220.90576895855327,-67.48197968217387)
25 (-99.86513586542834,-28.637949818900402) (-178.11538929136023,-73.77971178653482)
26 (53.75933174526796,16.942221774608488) (78.87501903370958,75.43362249204554)
27 (-74.60869138211132,124.06944026341128) (-72.84922775457864,68.91834890025518)
28 (-40.767654159009886,-17.07951561348463) (-47.46263890648455,-46.51067605504783)
29 (-3.5567703722047663,8.965084734508157) (46.73246124755416,18.275410640642395)
30 (-266.63549571248706,52.70570810788553) (-204.31492901144608,44.096722610661715)
31 (-202.91052324594335,-17.75558167191212) (-127.42315767060312,-44.84015002232729)
32 (48.93535516734243,-111.62993591729995) (134.1357214793709,-106.96081937673274)
33 (-88.96184659412731,35.6462123701609) (-94.87222765268172,36.223757365657306)
34 (164.2858968177943,-186.30667325235677) (239.79921533008388,-183.44019206088623)
35 (-128.9693506112402,-50.24340264003983) (-172.76981479306994,-5.401240016605023)
36 (-76.92657808540945,182.6288509297455) (-152.04285650441136,165.8341830533138)
37 (-38.00390051110419,167.09537323942257) (-10.043497039137584,105.28130429735329)
38 (9.109136636843655,117.16199340535667) (-18.44936321445329,28.095809050703338)
39 (29.515888385129138,-87.7142034902085) (-7.312919996856259,-71.92545956997785)
40 (-58.49282737258414,47.94631936564325) (-45.595537145376454,78.32382628376796)
41 (109.37007133275385,-138.59468124581133) (91.75413149746251,-214.85254669860427)
42 (1.4077977806408188,6.916971629764983) (-38.55722848763914,-54.52171019898322)
43 (12.073804352894102,19.928617270678387) (-17.442868413251027,-14.188842730696926)
44 (48.07517524623183,-172.70302052979378) (-9.362959802436372,-100.43232371576863)
45 (-68.28095556628305,-14.643932246963317) (-127.2872121232518,-57.911395303644454)
46 (-43.68635675611543,189.2313504343123) (9.788413501996011,178.37067112277353)
47 (-3.7547728365316493,255.50149777576908) (-55.894443712915965,187.14291479032903)
48 (-52.29933383208597,-45.46138155299238) (-89.42680537508906,44.22557229284061)
49 (-28.47866841845679,-40.15963074378254) (9.284273527252367,33.400673141533844)
50 (-180.74821454742556,-113.56463339633102) (-164.9603578361021,-34.13540184342273)
51 (38.77356716311077,174.98814408771767) (-37.40111781084157,187.49526895930742)
52 (-159.35502412043454,246.2455755019181) (-175.06477185837156,298.4084947190754)
53 (-56.33579387662883,67.29889976704966) (-81.1810837629075,25.966509722638584)
54 (38.46413023125304,-159.13362696690277) (-11.464130473486698,-197.0020726452391)
55 (29.962038475006672,51.00843427376504) (48.92421188192915,94.74045129641434)
56 (-71.68262605647976,-66.50943435611053) (-64.40677805896355,-12.540904360996642)
57 (-10.228400197066586,114.6729139705178) (-54.526216167428586,163.01971016100185)
58 (-252.4958246306367,-75.29266593580542) (-343.94797236684406,-91.88734205801575)
59 (58.117455803786164,-284.9524765633723) (61.56098038394863,-233.08117974048253)
60 (-93.99018242904384,29.801825846521222) (-153.16065650604833,-18.019089155478245)
61 (-154.54215240526585,91.52729027516972) (-76.60265887552393,77.5249045151409)
62 (-280.89541709125535,-10.737438798253763) (-261.50386601074024,-50.57129967481516)
63 (-72.35662489257798,66.48799290139556) (-10.462483540917056,36.733510544839305)
64 (96.20777869692739,-217.10880015264127) (43.15473677777832,-191.26992805552598)
65 (-231.79892738517185,202.12898635584662) (-275.2070667821917,208.25076435744353)
66 (-56.609938314442864,145.21976055020932) (-76.42227664410741,67.88190250888096)
67 (-200.0459113076009,45.74745074962765) (-288.4451336401645,17.3727917126336)
68 (-21.667234242633512,47.65239164269898) (-97.04616935398583,-0.3028605206924624)
69 (-129.48437864686025,53.16803201397607) (-188.28612501936755,28.25093021270242)
70 (3.4645349920601083,1.8429341023687194) (-34.741540905064596,42.9334803576473)
71 (-57.10737786234122,4.950295756225829) (-19.909259405727006,-37.37999971374811)
72 (-137.85562539934088,-30.221945639768332) (-205.75286497583448,-19.22314903655758)
73 (-146.02359611473702,-104.24366710182441) (-66.82218533705971,-103.74645055109394)
74 (-147.60329563435,62.13995473811098) (-52.52706228489798,42.65502468370008)
75 (-57.128303744674554,-270.21779808205895) (9.544795369788417,-203.2161395014541)
76 (4.494645820476924,69.21176297535976) (-0.6601475482174068,150.79809529502535)
77 (-163.591808687837,-169.65791403312576) (-152.2540319834655,-102.42587571305006)
78 (3.8270484234141007,119.64134277954213) (-6.326378759574591,80.94594738894898)
79 (-0.8449710627903144,100.70150834640744) (-0.9290010327549708,58.179728511597084)
80 (19.00635308367847,-200.82125899285177) (-0.5438988246716541,-290.5523186334555)
81 (-63.61021806521788,182.4026090916) (-96.5551863951685,270.9268533304409)
82 (2.5031327800458687,55.607489134510345) (-67.93653568390017,47.917119817150386)
83 (-237.0204337954652,-52.4026199565964) (-152.1418613128664,-66.61474598166768)
84 (43.12253208866436,-42.489337117463045) (33.274119156655296,-92.1680900255073)
85 (138.4226755315339,-103.33869939556166) (105.91941082242145,-98.74751100620014)
86 (39.33891681125627,9.225446951801487) (45.79789365269389,106.31847519561943)
87 (50.93185640871963,107.93383508557567) (-16.878675818658458,104.1900151023275)
88 (-120.76893333469022,-174.3874174056586) (-189.97485015463934,-210.8810923124127)
89 (76.0251305017698,-18.121304492653383) (11.52366469929619,-47.42527092906437)
90 (-123.73381953847753,-41.52560562776171) (-61.00386717112602,-29.178167246136475)
91 (61.37196633975789,68.45166039419284) (-5.494079282308093,96.9689790353418)
92 (-77.73698418284914,41.08129279789327) (-149.91393654724138,100.02942651211055)
93 (42.127151666124696,-265.94448850135944) (67.99368552277093,-347.62265464790073)
94 (3.5911076520599936,-210.91643368869927) (78.48190088188886,-162.76622323276575)
95 (-130.95134225109845,-77.31863505277077) (-93.25933248551104,5.7220416615026295)
96 (-104.74788076180967,273.1248524233304) (-22.176551143333555,287.2927041523133)
97 (-62.53642643389425,-50.157202184372764) (-127.86389999366911,-35.46057579738549)
98 (-70.22588539035729,89.86938342748522) (-81.10213706098003,186.58475157032873)
99 (5.525520911260175,-84.81702224457227) (53.598847815182054,-110.41760983146378)
100 (2.4534160335825326,3.4395343952450723) (30.84994707445547,4.5854749473082075)
101 (-10.977410118497192,-103.67738992495089) (8.565553879549528,-78.58995155222357)
102 (33.22080641105488,64.96966657070638) (-62.19779393568223,38.985921526473504)
103 (-14.958696079720049,-34.98607746093559) (-27.070819274843828,-50.18312949603498)
104 (-16.472376739894486,101.48369185722169) (8.246034887041475,116.5472340285096)
105 (-53.75012887445008,-144.26004645039575) (-84.70765267050844,-130.77245192831566)
106 (2.7501003271427003,27.479673630717855) (-26.552784080131694,-49.34980700104815)
107 (-194.02242104844507,-205.86477805034755) (-119.93729093735806,-152.38970457594016)
108 (72.15225764905523,156.02664517828754) (33.10222742250039,110.38215662086267)
109 (59.465745275807535,-230.25683769041098) (8.05565625352235,-183.9196362066989)
110 (-14.482726867527585,78.12164143630515) (-25.208033818711606,46.02456220430251)
111 (-58.33785374070389,81.35722034663607) (6.885266299693683,113.34893362911326)
112 (-176.95320494077603,-60.8029396231183) (-94.43950912524797,-47.49739556233518)
113 (-128.3835156058994,-69.00984315761634) (-122.09595675145508,-165.10362543294428)
114 (-180.279065274694,21.933840762961733) (-272.1550267658917,48.08402696537938)
115 (-173.54601350354463,143.69586095631186) (-231.0344385079935,206.92455850542382)
116 (-160.6640559383183,-27.9308411973927) (-120.67081910039825,55.122658282709125)
117 (42.53195987904744,18.99979879970791) (119.04261798452993,27.55116308490266)
118 (-66.17708401259497,-62.39801468046684) (-66.49303302431429,-33.073475772138245)
119 (-1.4467763577094646,-170.4969775640876) (30.548060198281288,-158.74179658554908)
120 (3.7720886774189264,-302.148100536876) (-81.30950090059083,-302.02323830834257)
121 (-119.9685015612429,-146.35611978286667) (-50.108393701516405,-147.2012388701615)
122 (1.4684676234781677,9.018126570539753) (45.593345282688624,21.26111758629672)
123 (21.560854802683608,40.99886360766582) (74.84336386589088,-31.940210045533995)
124 (-48.25380187784116,79.63391374087146) (37.569196685699985,105.41246156174537)
125 (-146.83938815142943,160.94273194157475) (-172.5034071402323,149.30027809601864)
126 (-58.53676220285238,-102.13512280835884) (-72.29713307136157,-111.27861574512721)
127 (75.16014961399951,-155.47891603753197) (155.14740251490804,-182.4825407572463)
128 (-95.9128351489179,-38.01510652366326) (-56.277296360841255,-46.449995355428946)
129 (-77.90369889913939,-124.18585485524409) (-155.9065219020896,-169.91409373189225)
130 (-244.107081092323,-2.756289263065251) (-336.57650388727325,6.439035017595869)
131 (-52.003946530065136,-138.284205951569) (-4.862682951189342,-134.12097268765086)
132 (-78.29880561492327,84.48292032831223) (-149.29411089841662,55.25119626834179)
133 (-85.91991311250077,-322.17379491588395) (-55.50313909542289,-273.27189195642313)
134 (93.3539294407101,-12.615126856291008) (68.9093510624394,68.20128316673335)
135 (-24.012143149161286,-48.403936379975065) (-61.497115983683116,-61.796304899740434)
136 (-11.31423548871118,293.8424744150991) (5.184858078848645,223.69021087275553)
137 (-89.9109397161045,17.19950349602534) (-129.3105653113549,-29.370613002986854)
138 (-90.28595562477388,-4.805939197401832) (-72.85766750996738,92.70812488631688)
139 (-263.8528098312845,-43.54793828485909) (-259.01222022617264,-80.55764901446214)
140 (30.357070764053816,-93.22208877282019) (40.64946129365809,-171.5488001355194)
141 (-158.16495775851027,-59.012041177572186) (-132.6823462840894,-147.03187201188416)
142 (-74.13297239311323,-38.176409008754085) (-154.60650975843424,-29.698175580563824)
143 (-48.530659057707624,48.30174205757689) (-53.65031147522336,76.42922828114048)
144 (-127.83285128864229,-255.57513363648505) (-77.43017668430753,-326.4975697923943)
145 (69.7473869825906,78.52238629950855) (83.20344028410787,-13.829058506880472)
146 (6.584658603738842,-192.30962140860535) (33.85038058678773,-242.38552786512955)
147 (-144.87016019850938,-88.32136235370396) (-131.40274280025403,-26.85142315949765)
148 (-0.8440171398529905,-78.24220866874016) (-27.23825719218029,-35.629927463617925)
149 (-28.738953233670053,-39.70259729258054) (-120.81706649888432,-72.58668055139617)
150 (-83.051938807286,26.636906879237937) (-84.17583643488886,35.57429157726366)
151 (-36.54152218996924,195.8294216534462) (-4.963267384263933,249.554149438259)
152 (-45.536493423316166,-55.59040351488784) (-51.01261860719896,-30.57577106512077)
153 (-130.5153798605044,-24.52678661699626) (-111.09484305401816,-71.89335714612821)
154 (67.88901127757782,-29.693996017644903) (70.08984357829414,-59.3045774290036)
155 (96.07314205194335,22.558464940380915) (91.25589446661958,-11.876049284252105)
156 (-91.57105616730155,-0.9823929774557509) (-183.4404063615337,-16.735457732166772)
157 (111.91194420601015,24.737365693017505) (15.048882937277895,32.18647891313034)
158 (44.14825594476932,92.930028327404) (40.96324859285537,171.01752416164553)
159 (3.430157900182673,-4.9543912048156775) (41.47678981617568,-42.77409048449404)
160 (-5.080793235503666,-106.48882263741623) (-21.280386912365902,-35.23341893045436)
161 (-189.44695778662285,30.473668381925762) (-138.73109634567513,-33.15369979225846)
162 (-141.88986233303055,-37.89554546366176) (-100.38817758788667,-34.434639798327545)
163 (109.73839409651563,-93.10842305749048) (105.61993281142833,-132.5356806361646)
164 (-17.737938717671952,214.96207259232204) (-10.478240745640814,287.1031362192696)
165 (-4.023983756455618,-7.564827145027397) (85.73229777866418,-13.706074930295227)
166 (3.3668589940161366,-6.171674531978607) (71.45738666981423,53.32873586735197)
167 (-80.19094222892204,69.368971887349) (-61.32522894252679,72.52996609478011)
168 (33.182209291306094,-251.32897023659083) (1.4520181463669601,-302.1873294869969)
169 (-105.61409748548661,-64.72613333078642) (-178.30481866306485,-115.93608670769792)
170 (0.48110690161836933,149.30962893669243) (72.87766388645156,164.6042106918951)
171 (10.565985794907142,34.445391954096955) (-34.96141434919912,-37.2730688226248)
172 (-5.349588405081754,-83.57759644167191) (-3.9135806874315135,-111.96650905306348)
173 (-0.31985467571531395,-139.77326472970796) (-78.01207957393476,-188.4272536370109)
174 (7.0548004698654525,-56.12100460814372) (0.14948435299582385,-130.1744406074625)
175 (9.63239020543298,180.0613489052833) (-19.257340274899374,249.79331702727023)
176 (-9.347338392538283,40.82570595838409) (-58.74660684411659,68.82540793071016)
177 (-43.14461511022545,-27.869052045979423) (-7.95414069594338,-103.52609416751417)
178 (236.64022212669707,-190.1037077171202) (215.9232942432655,-248.55272565005964)
179 (-59.82971529908529,53.3249138116394) (23.222276428568684,35.46787522504079)
180 (71.27577181658457,47.15376141592414) (3.5413435939578477,64.44063959265637)
181 (93.12194575931558,-18.225421897732137) (119.77209386268747,-22.649211858695917)
182 (-5.993639230716203,-282.3594560683407) (-48.07156672810743,-305.49145725017513)
183 (66.3342679854834,-342.74651892720834) (64.67820947787989,-288.20845933050975)
184 (-174.5458561267728,-80.75180379563426) (-182.44768941188025,18.31275295913464)
185 (-56.48588676582703,162.55592231093235) (-21.593534838708898,209.33777595674206)
186 (-68.4161974695723,-28.267743038992354) (-25.525725971844217,55.249995167291104)
187 (37.497777539839795,-198.38533933003077) (34.15881758425494,-264.3558518255453)
188 (110.24703440245278,-23.284601123851196) (95.17626329377403,21.4615596969172)
189 (-13.64410081310243,32.34076901464793) (-34.61978524030184,79.97806500732588)
190 (-33.59996925604533,-35.21884439414291) (-127.88465509021593,-67.9275046209624)
191 (-2.1991733335422436,5.0111244374656945) (-75.44490729739361,-59.455924434871136)
192 (-0.16770138051697447,-134.69724161987727) (6.502771680824514,-206.57140888120958)
193 (-132.64933408278628,-151.97615900750637) (-163.58703847997552,-130.84938712473502)
194 (-32.18863148845738,-34.56310267388617) (28.358455060051377,-81.07441949985504)
195 (-127.80071711159542,-29.206271458207933) (-91.39997186592123,13.352414310776833)
196 (33.729782219094645,119.29122238296277) (31.622833276456547,57.84359441754956)
197 (-230.25190037554844,220.55239339366315) (-153.0933545510087,239.32895107930727)
198 (-224.40394598624786,-69.5113539845053) (-230.65363127840817,-10.836638598730971)
199 (-3.781527160500678,-69.86721453758574) (-8.730550909285471,-92.7776802972364)
200 (0.8380864435443405,231.45937204950224) (-28.24333951347994,198.23431928944365)
