loadNumber pickup dropoff
1 (50.57600205242974,90.38207011380882) (-134.038170441398,-34.79335898964182)
2 (-100.26504498169953,18.69988538894051) (-52.36802894548949,-17.845774375233706)
3 (111.6265533594673,18.031995207635283) (-85.24377875208674,-54.0501626663882)
4 (55.326243725193,49.06551821391154) (118.84596275107535,14.04075794998231)
5 (83.48133078742748,-28.83070603792223) (107.13731387746725,-68.09512066037608)
6 (25.145203063126022,112.3617217656006) (-27.478401523778608,29.8186611040591)
7 (-30.340553392206573,109.46290522820082) (-59.206806739090396,115.86046808861647)
8 (-27.54493193255104,145.86928877203772) (33.97882902697489,93.35401396379966)
9 (-133.41355345570886,-63.3418318862002) (56.773795875573356,-17.660101131629265)
10 (88.3860802883545,103.07061127784758) (126.59387434211692,-24.319100827999115)
11 (25.30455016470398,24.709152801452593) (-61.90430187068956,122.39924437196188)
12 (87.47298167061254,104.44239552030112) (-132.31153867755864,-16.65095979619553)
13 (-101.3887290308121,-28.134755023910213) (41.26955470223241,69.28742808210822)
14 (1.8145204558841004,-89.2685683807427) (88.48996416500377,77.78380406292527)
15 (30.05571269464604,-64.90760592065946) (-120.01913917563213,81.127718023032)
16 (-16.219765410874064,93.42657018380247) (29.392318884873777,41.798338429856685)
17 (56.88766983365876,112.81161859016864) (-50.96249598871128,-51.96055072318087)
18 (35.24113841282615,111.00114307725705) (-50.55372683378826,-111.17937165423965)
19 (-146.56105909858957,8.340438662930996) (-6.192278783817739,-144.98397759562346)
20 (99.8406410739751,46.098754910981306) (74.06870374792825,-1.996861774946586)
21 (-12.54435039709173,-124.5357481048758) (46.97695168356165,42.77876361060515)
22 (-80.19878671578702,-84.84294070972645) (-38.15818899637579,-42.98425813140138)
23 (-16.291085069537097,-56.21122548777637) (-65.19943782452019,-93.26179340491701)
24 (80.28357093444443,-100.000727806106) (-94.35199908182864,93.92880532085222)
25 (15.880587825303111,-137.31554692150056) (51.446722270289705,-41.347516488701054)
26 (-1.6149308299592837,0.11662133245583062) (1.8976320919157625,5.279752652387717)
27 (-1.1997410777018218,91.19900356968168) (-84.71181092646538,-115.87891240957036)
28 (110.6747655397915,6.770884385546194) (20.981307214940017,-139.91027025812082)
29 (63.25362849168224,19.47015162012816) (138.46406006602828,-12.47848334990066)
30 (-136.77523588608048,-31.102272313178247) (82.93922665761939,86.64439239413082)
31 (82.07819030528124,33.46800406705965) (-23.13731531927942,22.605264673616492)
32 (125.06200043714789,65.06825093581574) (122.79489757264581,0.32110667992640407)
33 (-97.21146628066855,-49.61880261325338) (124.81624865076644,39.95324299892357)
34 (88.00879923557312,-107.7258424458619) (111.59075744766612,82.21385164884695)
35 (-85.67058036330158,-11.915600942331093) (-90.88292785075997,-26.472895259901076)
36 (-73.50669889343895,-51.44328650660661) (-87.15750022220402,-46.939741986836445)
37 (48.244182421004574,40.203720309944984) (-46.59295920891093,111.81839338796122)
38 (47.340556757151056,130.13146189785215) (-26.62235636644803,-30.184198510698387)
39 (6.1257666828171615,120.52348353253922) (52.12455668743992,-118.91867989447557)
40 (-92.77316931522262,58.42441654948796) (93.44257037140432,0.5934724197651066)
41 (23.736735052500144,-53.1765690873403) (-20.863724853429197,-137.46369607216025)
42 (-71.78990495346832,89.97812009713903) (12.427165074194354,-76.66575429977551)
43 (66.7706683293608,-84.37797984889389) (4.980125590284767,-70.30477740517605)
44 (112.4329225479158,-8.420313400907105) (45.0820887007651,-55.378169798980174)
45 (44.4119890698987,-44.93290879007909) (-21.141514294991225,138.83092155842186)
46 (4.182396014571822,-48.790737445869816) (-13.119229064189732,-130.18099859482794)
47 (51.10515618785566,119.09457669661666) (58.977590591493005,50.27127688637347)
48 (-55.897769386158565,-37.19358679713701) (-12.997414446996368,135.95146931143964)
49 (54.99059416729361,87.19437366746024) (48.57414343579615,-47.88651127821068)
50 (83.49781348596431,104.3692229407447) (88.2281502712527,-52.575335203065755)
51 (-18.753474038940663,40.174056348695096) (74.47266343833616,72.56797892655085)
52 (-22.964683293467676,29.6916022615662) (-114.20723885137708,-90.67862957877757)
53 (-141.50331912313084,26.173927759288905) (-52.69428645104413,17.87364300868464)
54 (-9.795814328404282,97.06612914148374) (41.21307998854468,56.24371506689457)
55 (58.76142323875871,-78.66065920856946) (94.40443480717073,100.31059827593079)
56 (-41.522573932727276,-141.9474248122084) (84.21948275612709,-49.56193797358643)
57 (-59.88762252712449,16.184450817536106) (66.33491255957094,134.2343859065372)
58 (26.421878656418208,16.1542019658166) (70.74278518171735,68.88300297749835)
59 (-67.19684378260133,71.06811656475978) (-20.195727222690884,3.1277019188402044)
60 (79.26663670742897,18.857232039174715) (81.70087682159075,33.9530529894076)
61 (32.321082642335675,-49.96422764988062) (-53.58087930596657,-90.51642481169635)
62 (-58.45377108651448,25.45292878099607) (-12.789229596723311,-101.97058694571619)
63 (9.040589205520085,14.198723914733023) (-21.57652037061197,-103.19323564319284)
64 (23.497373718553657,-26.676870899415004) (104.93680122656667,20.395466644000127)
65 (-28.879069280258886,87.11640558138329) (-41.969391524055254,55.74687675289523)
66 (-26.750082966583978,-43.62558942511473) (20.80554956693292,-30.013839549207518)
67 (79.87648068228525,125.33096006167379) (94.35268540745574,43.63909426683008)
68 (-98.24445876246361,-71.54457925757504) (-82.04015633990839,34.72878194173712)
69 (-84.82168908873467,-113.04822513798493) (86.93228879698037,-99.7377580875801)
70 (112.62093014771146,-97.54619614000647) (-50.528281733394884,25.428105201850343)
71 (91.51770768585423,18.462901611662936) (-66.80537025851588,-89.07514037483193)
72 (6.775460882693718,28.216016011187392) (-23.09062580329383,-61.36738200726281)
73 (9.09944747862649,108.1794929564256) (37.45984576834074,-53.505389053575215)
74 (-33.7266098913672,41.762551238488015) (-58.04330188356772,91.42492252446293)
75 (6.3509248658978645,30.057329632580373) (61.267436978155246,-43.72892621113753)
76 (76.0224255806171,6.549626695431181) (-36.08777015517952,-127.31628150525704)
77 (92.88147665016142,65.75809634082334) (114.68797775834096,61.931248601672536)
78 (87.50712508680111,-6.329874130209623) (-63.00091954460772,32.344127237885736)
79 (68.78016774455782,27.548143156413037) (34.65040799375561,-121.77038833865967)
80 (-43.2799787639278,78.4108392947579) (83.54177039262811,-52.052440042614585)
81 (-139.40683225236992,-48.44103030924693) (89.42365725686577,62.8602273825082)
82 (-83.4876201628763,47.58281712019654) (56.7108009577715,86.50558102393728)
83 (6.802285723217031,-144.2748718127742) (-3.113110958398458,88.58789878764199)
84 (0.7354245996260007,-67.19648575197314) (-63.208920824073886,-13.233784264283372)
85 (52.46246692381187,-64.16947520798973) (75.61559165567166,83.09031597061366)
86 (-84.345103849627,-103.04714838621297) (-148.12042992535612,6.158592702983987)
87 (-74.19761537683902,60.76857863845967) (-63.45946614951559,74.7633084720573)
88 (-76.11311209168971,125.67305186799908) (-140.50783572226246,4.652146570673368)
89 (-34.446903767714915,86.20007069105218) (136.58516627925204,57.5481871797841)
90 (123.14613165080294,-28.241053871222014) (-14.105708670108056,-148.15079422923984)
91 (17.893449018899183,-112.66024180775506) (-0.772726836150101,-123.86731829575163)
92 (-135.76137253515068,-37.249714236580566) (70.79135532834707,-102.5123376580588)
93 (-75.68612756431374,45.08796533070542) (-72.31818108057197,105.25208070343189)
94 (60.52944922030148,13.166623107724927) (44.042063738021845,-90.96466395775992)
95 (-79.1511977235352,-64.26056103940579) (47.67597793065386,-81.53135399226939)
96 (20.671467908017267,101.93579451316917) (33.765994670701986,27.202664437309842)
97 (-35.43066829326966,-121.58610511508157) (9.513246995715996,9.683320144559609)
98 (-32.374759822038996,-22.108808056031428) (28.649874024526753,-15.416356792906235)
99 (15.580194791777634,-42.97232800195288) (117.31687888907108,-49.19633333169011)
100 (69.55047921126055,2.938834675093296) (-11.644936395045843,0.7969331884693365)
