loadNumber pickup dropoff
1 (1.3714112818950934,21.099957086024748) (51.517032174355506,69.37255864452085)
2 (42.70772098965957,-25.68588586420574) (68.88450066828298,30.24214684407176)
3 (-49.40293500395415,4.67441326127346) (-125.00845030449756,-55.82163457200464)
4 (-27.024025489453773,-5.165020497504748) (-66.13523750654673,44.34424085684857)
5 (29.017234535174502,36.81450956459443) (59.39326710890907,30.523459006580946)
6 (26.429418566242607,18.83872178687661) (37.641089628765236,95.30518039318875)
7 (-37.30437727938249,21.37881441367807) (-5.484890455844745,63.35201753145851)
8 (5.900493431335091,-49.33090779937197) (12.059850692157681,24.260738749395273)
9 (21.51013200644155,-18.228355880576434) (99.91486830920707,15.600156184754471)
10 (9.14996576754587,-41.14236880728059) (-23.122577944305327,-18.0657877668781)
11 (-30.16589594196171,9.296407761927659) (26.720297234897426,77.55604718403823)
12 (-2.911231516015478,-14.612597359290131) (-44.149163855677386,40.25287460397361)
13 (-48.11862818764908,-4.4799530096648805) (-129.7891071499497,14.879998275987658)
14 (42.14000412423893,-23.161557951259695) (120.0008017642018,13.43656736457865)
15 (-35.486140175612704,-7.630206081244171) (-66.04775873660532,-48.68913414209421)
16 (-12.630930652140616,46.09479767543898) (-26.34322831043736,-32.61459193190356)
17 (29.599863252858995,22.43876705561944) (13.958480357306424,-16.837239677519594)
18 (12.872436443147835,4.133615827757643) (60.80181984555053,76.39695020004034)
19 (-18.238643924498948,36.000093684065284) (-19.274162883936967,-52.56490155870899)
20 (15.052686208898358,15.568984412530645) (79.13001869380932,68.32504344184761)
21 (-27.271879122700483,-31.857337327220595) (15.728991580899539,-15.403763551792714)
22 (-25.646435698848247,32.336387087101414) (-87.32478120721179,-10.984813843148387)
23 (-2.144388504134629,-11.444268092030658) (44.493469965670094,-32.78030401188374)
24 (15.023263640128384,-12.376977178846918) (30.178480502020086,43.23624744624124)
25 (35.75270558023905,-12.822423186718185) (-5.40641943595454,-60.80645847279591)
26 (35.068092070703884,-32.84033749240606) (54.55564543065819,-2.467809403605905)
27 (30.681865068945125,-7.548427603018001) (-14.381009816677821,-67.10919671374208)
28 (-4.10865524184621,41.21324721247683) (-45.86261799026069,71.42070887758581)
29 (-36.08724798981527,-29.414055658561388) (33.072441208292574,-13.549535869486917)
30 (29.672813302978792,10.690909120171037) (-9.19666998450963,41.61298175857136)
31 (14.296144072512243,-16.81597623006378) (5.087149760694096,-25.570175787516334)
32 (3.5965850231072216,27.543594853742242) (-45.020798402514686,9.535483013331401)
33 (-25.39241544215425,-2.688839686245658) (4.597052866672264,43.09227052802116)
34 (-28.39556920854934,33.45397140669901) (-4.646398344289484,114.1283078669412)
35 (-17.850649493575418,-41.16931993092681) (62.1273998714491,-0.7196253497501175)
36 (2.1052635275111045,-8.559680484178395) (58.22234357121784,3.784978508195497)
37 (-16.060409138922925,12.425281372034167) (-40.6726348832281,-73.98887059653542)
38 (41.75106283247576,27.227108614745884) (-21.98154122713086,-32.598320794700896)
39 (6.592088304363906,8.759057550769196) (-1.4086581496739745,25.24975275872337)
40 (-5.185195470454656,-47.6708877821064) (-38.81426156239984,-16.66799150225992)
41 (-22.79326156323154,43.842171983724825) (22.21026250487523,114.25442196716676)
42 (-4.65544364222834,-3.5999646699227776) (-85.73815507211526,41.600731345238636)
43 (18.08488806828903,-6.482029335367899) (109.14045598939776,20.51789361992489)
44 (-18.77458428877905,-40.597206396056414) (-85.87560868290507,-26.472414569181446)
45 (-10.898729284784647,33.64800288057394) (-92.16472173688192,61.50733802599294)
46 (-1.9052879781892167,47.16277784802298) (-49.23213735426008,13.055639355247337)
47 (-16.49545171524081,28.701038119164917) (-71.65081258696499,8.972228647239078)
48 (13.312998022526815,45.61065248561512) (7.139709792718113,-34.9714906248559)
49 (-15.518668385697787,-10.822057437925517) (-27.246750900236616,36.56626654326943)
50 (-8.231183407564366,14.135435059903452) (63.78172291184696,18.11550625651911)
51 (-26.10151778850246,-41.500710532631125) (58.899165453407036,-81.97861892388957)
52 (5.301148500821526,-20.08100969433642) (-40.08671095135565,-50.85117798946506)
53 (-5.175936551935218,39.72454459090402) (22.14617371755191,-6.957969168557177)
54 (-34.111091759228124,-14.055821282887413) (31.276285563896714,-40.14620908256423)
55 (-10.996753219944676,-30.61709006739366) (23.67123786196878,-92.85822939839163)
56 (3.0470321680352823,-1.686422862069499) (19.564697425742235,-82.39746204031462)
57 (-13.125495293645002,28.439597727631032) (-95.39351244122977,71.96731713733786)
58 (-40.71991808409506,23.157019026984578) (1.5426645513230994,-62.7879796386166)
59 (19.016552706043928,2.3486288734618426) (-27.99506003860115,11.101286176091078)
60 (-24.396273462227683,7.952204976477254) (6.1272548271992875,79.27270966461465)
61 (46.10658313340661,-7.729121289200251) (23.102737258450716,13.67270623278997)
62 (-6.137857422607229,28.074923500268163) (9.44523857443157,-56.8574366975059)
63 (-29.562088664071194,-26.65263664782468) (-120.65019267467638,0.5579984319009448)
64 (-39.63183397932111,6.371425951784604) (-17.97288518396734,-49.16477613386053)
65 (41.650178250425654,-27.29808452403983) (56.121585776565695,-98.36606444189073)
66 (-19.710167895034413,23.197639216854277) (22.11085923811108,-2.1858441083718283)
67 (37.76193213403297,-31.676253419254913) (99.72478294113091,-63.287114555626076)
68 (-10.631805204708778,24.288401783255104) (-4.034471406606176,110.17775465227678)
69 (45.02506565855929,5.0086339504202595) (-45.08433361934663,-29.76691384486508)
70 (-12.628675545669818,16.371632663786777) (-86.44935602516237,39.62507983807187)
71 (-11.281044802328557,10.290186377438506) (-30.506054342836954,31.753073785143428)
72 (31.127355570643463,29.842019817003337) (98.37538599495022,-27.69673131219663)
73 (27.73167276316755,-17.43184911006854) (-59.590098298210435,11.320101948529441)
74 (-12.444905256430737,35.05651264118709) (-43.341144841564486,61.946125748367685)
75 (-0.4695160126448111,5.306670782743397) (-48.30434928462026,7.536797602244471)
76 (-1.6635507306934663,-11.837194083361888) (-54.09898334268141,-16.445231511797854)
77 (-38.815469258462635,-2.8008638248091136) (-33.90870892185106,-3.5047789568470646)
78 (7.7191801635463895,-14.450558636778348) (-27.77839694667751,23.918527600267637)
79 (-21.927535123818156,-7.533100570257332) (11.191080297750052,56.753804208470086)
80 (-17.84889714587404,17.34390941638362) (36.330549914030236,-55.85355769981791)
81 (-12.326192405157993,-31.244226136361856) (-56.789041121805454,-51.70936157720787)
82 (-6.814208332557958,5.643118260726095) (-19.573051586307166,43.11702004739879)
83 (-22.257495489880007,-32.49291520585733) (17.172700910038884,-30.974472208906427)
84 (24.202998217045693,-24.115429354295983) (31.409198807990773,-111.59569310298215)
85 (4.075483269530712,-5.361612843058562) (20.57145422938339,16.580122663678985)
86 (41.06698460164591,20.70977506183268) (32.843102344091974,-48.13282459854663)
87 (-2.5084032514745456,47.805608821227295) (-4.303886441828983,107.25956206141424)
88 (-9.813873181253532,13.387838914638676) (-20.716436859090855,31.569148714925994)
89 (28.061878359779133,20.75839500337692) (-60.31152490601687,36.51470275870656)
90 (6.485071785875176,4.848493038613929) (26.451745223610253,-62.62913963217765)
91 (29.432646823441324,-18.566174412081555) (41.987723097681716,47.387584381222865)
92 (20.888937830660588,5.838353556110663) (-9.436300768225038,-47.9619716404267)
93 (-25.6418685649592,-0.4356269314371579) (-78.31526008193039,74.18450382298235)
94 (-14.4358807344554,27.678950833974557) (-82.25362016399208,58.5742007443377)
95 (31.382005218066553,21.508622582445142) (-1.136697310461365,-17.96278606301459)
96 (-24.784730004982308,-0.8381159635132256) (29.46935288532444,-26.746190735403335)
97 (16.47035609502829,-7.141157245712861) (20.85077292093574,72.53970514911039)
98 (45.18640573651423,19.37069633745592) (13.024692726768954,72.04483579866663)
99 (-24.972577575712954,41.116684034994044) (-76.64124371766982,103.43698768977436)
100 (30.67511905966897,-0.1964337579762803) (110.58174017629642,-28.926115414026153)
101 (13.378499474841977,16.155814268665036) (23.83701543389603,-31.49083884014222)
102 (-15.897723850728394,2.409699267714174) (-102.81902996698634,44.96061169778886)
103 (33.308663769855244,22.204698195342935) (-9.183929383044031,93.76817606670215)
104 (-29.623038477461193,-3.997431989939782) (0.17598540570017462,-72.82752794550802)
105 (-22.632508767316843,-14.11225372330437) (-7.239107165673984,60.78112073457364)
106 (-25.900492950219576,-22.163802366092888) (68.86518009640668,-39.78042977448513)
107 (22.069861456149926,-24.426395987160575) (11.916167401112789,37.2926250426346)
108 (-25.8835070080099,-17.163638051049855) (-74.9206998446559,20.899034425902816)
109 (21.022863817108757,24.354147891162874) (-23.935713929185575,-50.19176521331887)
110 (32.07424059340349,7.710823478852553) (90.96783142097371,46.58648168695267)
111 (-26.161260233959805,-31.120013692349335) (-47.29199558367377,-85.50911355726484)
112 (-8.846196012942752,-39.88157674748484) (-56.35718535208663,-66.09999315930199)
113 (-36.86088572569735,-0.4245076621471486) (-76.61123359024091,68.2214584990119)
114 (6.191813810678547,-44.31473498732983) (-36.00671112954188,-60.5147073673515)
115 (36.29533520227393,-6.984608989183243) (61.69461077299451,-53.8829041752641)
116 (46.31468236581748,15.662477944254189) (-1.7905369975513779,-58.623622059265074)
117 (-18.62800803882688,-20.835036560634197) (19.39829881138913,-99.65906115376302)
118 (40.01370936220883,-7.52215350274653) (88.77969200832891,7.416610644320967)
119 (24.015594658680065,-13.074839965592213) (32.047079691879645,49.286307998969995)
120 (5.3994263159897065,11.82135800802251) (-72.68790608364263,65.42744929958626)
121 (-5.12129600565094,14.761700116335268) (32.445267539964036,-13.491000334838558)
122 (0.9056921759801664,0.00019449445160311376) (-4.039276112135147,-2.4706046771809165)
123 (14.85459933448932,3.1797617929835376) (22.42484784389951,-12.29548627002293)
124 (-23.472581719031968,-9.41185991499196) (-47.16358222478377,-53.52593644315364)
125 (-41.16658423743947,-6.369837195861561) (42.97363219158847,-53.66065351635522)
126 (-21.962829914370868,-32.26843283292265) (-36.04973471849074,60.95120343100698)
127 (-8.554865039625339,3.3130865517306933) (-12.394864182248298,-74.9778029831463)
128 (-42.207375506968326,20.480174951771573) (-93.42413044718751,98.736251503882)
129 (13.678372680951009,18.955437261721208) (14.295113467656714,38.223141949119025)
130 (15.73132444010375,39.274205073627826) (-48.030893196467844,-7.787587292921209)
131 (-25.906482514833062,16.502063160692792) (45.64330573184833,-5.968510492347594)
132 (44.15588080697116,7.910338215268226) (-44.14493155747518,-5.434974834865226)
133 (-19.692221612889554,-38.73159725096333) (52.74940177867708,-53.797160830137514)
134 (-7.177948048928958,-48.30878582022066) (-99.31731680188243,-81.71216970022259)
135 (-4.736086416182147,-33.79558426019278) (-42.065360963925514,-124.86184706545838)
136 (13.54586876930517,-10.487637525100958) (-39.55919632857649,-83.39658583603034)
137 (34.76110237240249,24.178825498559224) (33.017670163407,100.52369066451828)
138 (21.860831535611688,-35.09390105655125) (-23.448018139450376,-101.544048703442)
139 (-31.25245950692482,-35.76737589100881) (-125.60356473647681,-45.03525239092896)
140 (-20.02314274369527,28.198520284896805) (-63.79406600775464,40.469372418862626)
141 (-34.72076385239931,25.858120202704427) (-80.63811902049713,-61.673943459356536)
142 (-13.725290022556122,-16.56475023546794) (-85.03465238575106,44.085918608692445)
143 (24.820273415481097,14.08628088203793) (71.26276745151924,-6.7098137105076)
144 (-13.4993370728378,-34.98176151409882) (-101.29104277312734,-5.134581754890121)
145 (-7.585113803927896,-42.037441429837564) (-24.022988968981466,-95.16954120513782)
146 (37.27001849458738,-26.15283430871377) (-43.673410938134616,-60.77846480311629)
147 (-36.6471262152272,18.204383296822613) (21.649540066357822,65.21551821694231)
148 (-43.04685446386059,7.9107216963056) (-21.716307440771548,-82.48072130701408)
149 (30.6986832957323,14.348617606589496) (114.05406930582433,-37.430174903968094)
150 (-34.26981409706578,32.698272609237286) (-108.27057339883436,30.290642569873807)
151 (-0.8388038844458386,-26.984514443487516) (-11.691201407586341,0.29216711835393383)
152 (-4.228062846191252,36.594491088314754) (-38.956347479102554,-25.129437439743846)
153 (13.645562682662367,-44.22138543111665) (14.22411838471569,-54.47465582796513)
154 (-8.743407311735702,26.480870460729083) (2.315349132012912,60.2489596024127)
155 (-40.86631568040802,9.637085479054507) (-42.92746203467676,53.21904963694992)
156 (-26.008764503278663,-32.38883832170518) (-48.550329206806296,40.58081571181954)
157 (40.16922811482429,-16.562450121810848) (-57.80750680432355,-22.10215588721422)
158 (7.260445322534603,-35.04485751931746) (-82.28729524055194,-66.85188584464045)
159 (39.15122601758789,-24.523459567763815) (-40.54050343971441,-26.39827034225395)
160 (-29.918694930631236,26.40604092748471) (-81.28622921878994,-9.874508642637167)
161 (-45.21754924076381,-14.931285405550833) (-71.64735019479338,-100.82731327690541)
162 (-4.418271532470729,26.707177202912277) (58.21544851019345,-10.065652599004842)
163 (36.15843989758561,-11.940645072892135) (67.10861715500181,78.56945828564636)
164 (13.595940828886803,36.373264383761004) (6.228075263609026,-62.40164226756807)
165 (-22.081800071240476,31.72026610215502) (-8.844871025684649,39.57309376484349)
166 (10.462461436335271,-24.423403445492628) (69.89889908482591,-98.75991917367728)
167 (-19.664016314604186,16.53938122979415) (-61.68792642532598,-16.12409277163034)
168 (-2.4677817547165506,-21.84101917845711) (38.76740538195373,-5.269088361199554)
169 (4.179794078843451,-11.625205020859987) (-63.078609235599664,-81.03959793829262)
170 (40.428401234232176,-20.67452755505776) (14.601260166892907,52.054993231023886)
171 (-20.88254866295493,34.566623812162575) (48.96867682159575,-33.508537081679194)
172 (-39.30302119115178,15.450159847956737) (-18.07640092757351,47.02210210565393)
173 (-31.37977544619806,-9.618145708379657) (-65.51779661431478,-1.4405700885334607)
174 (-45.52874625732495,-10.284307123933974) (4.579594226483174,46.56655432075304)
175 (20.889220530396784,18.019618254120658) (62.252312275623275,-10.010064080241861)
176 (-1.557056353778521,29.54114093138078) (88.53477541932165,-5.036613295224264)
177 (-23.98452802347748,-21.798870689107716) (20.42707195862301,-18.71753823018785)
178 (47.57183430178566,-7.296122819889367) (40.91257727614139,19.4796803099836)
179 (15.017837240518705,24.656030769823957) (76.25315636351384,22.80346329612854)
180 (15.52019848559121,-32.1392853237486) (-31.373345149409566,-1.4726831383821164)
181 (-33.899684532277675,-32.10753698078594) (-90.41903424003033,-67.04739436841584)
182 (15.642987628904532,33.43604736912174) (41.45651647525143,78.54192813020953)
183 (-35.027448530325394,-26.574356564524074) (61.05257179321986,-13.565934979525764)
184 (6.05844175939741,-20.589616441352852) (-27.346990942342003,26.791961668779614)
185 (48.346165265231186,-8.235785189036656) (61.28108966685913,64.95520534482226)
186 (-17.117766822990788,39.10650556549843) (25.12023835086459,-39.48820794448525)
187 (-16.87968199363482,-35.92262711014688) (-40.77682537260243,-14.334253696761923)
188 (-27.177836264677065,18.378247456183498) (-29.482037834459472,24.85533597245367)
189 (-18.385035397709867,19.645154854509933) (-103.5021895397569,7.936204225015473)
190 (-29.58490269199131,-5.612164452181415) (-0.9726075264331371,46.33556973960341)
191 (-46.0916050596068,13.34466411422121) (-30.757545050789616,92.48097311798583)
192 (36.71477063394709,0.6228218024726616) (-12.017390488600036,80.12267110825434)
193 (-11.6725426948797,11.578734337997167) (37.1045565389801,97.45286997172813)
194 (2.992246655177114,13.144209621128464) (-2.014711888463226,24.0105849293354)
195 (-28.808170394584867,-18.105413029599593) (-15.18747240780103,-39.63126566472624)
196 (7.120683655519893,23.31006014142998) (-48.9773435549179,33.57602299033657)
197 (-13.433411860418255,-19.560589652486026) (-20.561090204129616,67.03771333725659)
198 (9.92498353214625,33.52869889874815) (-0.8730631799472235,33.519437888680024)
199 (25.001457836862482,-40.229037239009195) (9.79808871932603,-40.749951333609346)
200 (-13.968840964328383,1.5737499066317462) (74.7757815471145,-42.80080198526034)
