loadNumber pickup dropoff
1 (14.348261940677212,-197.3971230665625) (-64.05362194752365,-174.8571210813833)
2 (66.96170268132263,-251.16401351485337) (-43.19531695592279,-91.25499127109649)
3 (-5.1363489810777265,40.58198431432069) (65.29671003102645,9.783646365967329)
4 (133.35216039499926,-163.2300151851799) (-9.748022142023075,-179.83930892748722)
5 (-28.63273087466237,7.391901164148115) (-0.06723817522286524,123.07486668732784)
6 (-32.57866538123332,37.74726534504116) (-14.543440239706452,-29.78716374738599)
7 (160.1610110275942,-71.23830518500077) (256.5543627608454,8.44955889927698)
8 (-32.94069309308874,12.834975008173414) (45.9753109350157,-28.65963299863192)
9 (-123.37109269416638,-45.97261695534378) (-212.8498442975635,28.134869503046488)
10 (-186.42566532326137,-71.5024626813955) (-224.46762205039315,-2.1072050092715813)
11 (-43.97901831844189,-195.50805007487193) (-106.95173160374115,-192.35543852761805)
12 (22.149324294580637,53.72078675987734) (-24.6209840570166,229.65034727328617)
13 (144.19769371958796,-30.728469815021747) (131.97315847207938,90.55086633148812)
14 (25.48831818204251,40.045707873596285) (172.03631538064462,108.18568631264031)
15 (-36.50081898212172,-27.772478285373275) (-157.1634360665647,-72.30713895238289)
16 (38.85446083525285,-75.3470507660868) (26.291618701916327,-24.53178822496215)
17 (-14.244509751142978,-45.88105395547638) (49.61349060735501,-49.081680558959505)
18 (28.868887194254786,21.43201529451134) (-10.368425807212542,-38.19017484280842)
19 (-125.87525654774669,-99.65036865819343) (-169.118871934804,-50.843765830227454)
20 (38.985641918500335,-5.033100263088146) (72.99904908959263,8.844637495559992)
21 (65.24864490661085,102.41264996830473) (73.48116398008935,136.304901103564)
22 (29.066359872978044,-37.860990751580616) (98.55194257528437,44.23281653000325)
23 (37.80803720995064,-215.9214670057956) (45.77496296932207,-30.917183209850663)
24 (55.584163394269254,-153.1019329115918) (-39.594612017080536,-20.97141196809079)
25 (3.169897049872991,-6.754660577442706) (125.35497668294067,-71.7632256697965)
26 (5.377202581060899,-21.855661033007944) (120.05561902203189,12.509195219221905)
27 (28.45199930659598,-6.9491800052312405) (14.85370575036455,-102.92624723658179)
28 (7.612065866222488,-12.003274675125237) (83.20457385260734,-116.98888520945046)
29 (88.57110260019907,-125.2247654907533) (-33.11018766794841,-215.01624654714607)
30 (-6.548505313459549,-39.803932654481706) (-27.1676914916505,-194.10732065626257)
31 (-7.678671972651555,-40.96478633278864) (62.141734756892006,-50.39132588077025)
32 (-3.152096762651219,154.6286120683489) (141.0230278241047,257.37475004624844)
33 (64.58774882004214,168.37475663924124) (90.30415036441548,87.91624845668932)
34 (23.411202254380058,-33.10351507336191) (-150.4603925787585,4.790405939702971)
35 (5.938326932888848,-1.6753514731707768) (165.23502509757358,45.7243756954701)
36 (-209.18236482290197,16.931239169949215) (-81.99817055238796,-0.07460468295635891)
37 (55.83364978205387,-16.455005607643994) (10.267842339135434,53.26394575277908)
38 (7.988592815943271,108.67113245636574) (-21.632849146806503,222.0000886907639)
39 (21.669465248059943,-182.05267424776753) (67.41114155529176,-136.30209052024347)
40 (-19.84839264918277,-80.35950385398684) (8.776316201673332,-234.2267552083946)
41 (-13.06594207627299,-97.05248977399313) (-116.64430214134244,-92.63487073539933)
42 (37.82735267111804,-127.67995249189885) (151.06136555046768,-216.9044558643567)
43 (123.70627205256109,-271.2685397401026) (93.00431387213419,-166.89208754584814)
44 (140.61973634067132,7.7703881466313955) (76.71205991551682,-150.74452113254856)
45 (112.44726390688078,174.4795347290167) (6.154816485644034,60.97922953673593)
46 (-183.24876727295967,-12.49888492805529) (-235.4443709685914,-60.640053903425276)
47 (27.805237698945124,-23.32128849281588) (-115.65348525769386,69.82116319930256)
48 (8.735269786978746,24.490612569547096) (-160.77182400760245,-49.32138775023667)
49 (-37.664285413220156,-24.657678761305682) (-32.72802613515961,31.901460798592694)
50 (82.05996194839965,-35.29049824949287) (198.03397096929353,-14.002268655755557)
51 (10.488685965413945,42.28358602456276) (-112.37674606631234,-61.76211702777892)
52 (11.90287780693582,-24.767628346052405) (208.79243874462878,-15.980922955114435)
53 (72.89604651417785,-38.31914648123529) (166.6099761468129,58.07108308384055)
54 (-99.34956936463655,-172.57967616937242) (73.77929156007639,-165.04643346262378)
55 (10.366517576127984,-19.267245992016107) (-116.85322598268145,-93.60837975183767)
56 (45.10468401035623,35.94312983064816) (-11.055489787269494,-39.14367080916874)
57 (-0.43399225865399044,15.351714034025337) (-56.98795657656725,38.38430641814166)
58 (8.857277584438219,-31.859288747437407) (-36.56280344122311,-113.49664284460154)
59 (103.15141748738723,-91.13348197603251) (169.36859843610307,-252.84947173562892)
60 (32.330341453696,-23.80788542720321) (217.23090906582343,39.2881163532441)
61 (19.961368437463616,-17.593894612761673) (166.2352559145687,0.9373754134455048)
62 (-107.44164437439102,209.57380959092578) (4.632183442252625,111.77086089319651)
63 (49.3289249090675,-141.0544814239622) (61.2645865706731,-146.51334129127753)
64 (-38.33377871027598,99.75379903513286) (-96.99446364882061,257.6619303251406)
65 (99.88883844467678,150.50998896769912) (115.80573220143813,23.02335652084564)
66 (-33.25627143795905,-15.929563701785892) (-157.40194330563338,-40.019288590792904)
67 (57.73679825602278,-172.32208473476652) (66.35518980929369,-150.42131413244755)
68 (-58.50747203343977,65.52723564046808) (-229.32215019035834,148.64247428116315)
69 (-5.222488495533798,-6.4726219122827295) (-31.585657458209475,34.2802723470534)
70 (70.47581249816795,-146.82364599785302) (27.12517965343185,-182.3300602782348)
71 (-15.3989524800787,-17.4245654685483) (160.9878315277629,36.49797266154992)
72 (25.494541750570455,-31.252275523238275) (-31.396639084768772,-47.96790558303071)
73 (263.13285379878386,165.19357387708567) (196.96153913856983,79.96133225325612)
74 (-185.23762291322294,-5.8099968361025525) (-154.64558305516255,82.70996202598424)
75 (-82.85106158360504,51.65209934695099) (-62.76449040888726,-92.39193582529828)
76 (183.4945506874604,7.1987563394744) (127.77217928434777,113.67220343837197)
77 (17.94523007960332,58.07396839619332) (-82.48034137843649,176.83587223640575)
78 (-3.007455561801543,-24.69703853958053) (187.04966822539254,-45.7472000678263)
79 (-83.73975224502195,20.050124397822138) (-201.20263484061184,83.6454871222921)
80 (-15.179599737585708,-41.23415080877832) (-147.589686429315,-97.69481659097346)
81 (209.78290199014958,-22.267224414464966) (188.82789091349582,-50.781375184890734)
82 (21.284816819591853,-189.75241422368035) (-22.474839800228786,-33.886612207647005)
83 (94.95951308589146,-49.15716277626525) (-2.789058493474542,103.2972061294076)
84 (38.310534960891694,-12.034102144450753) (130.89052833078125,-4.613319966975768)
85 (16.083121623836004,-245.52134670206036) (-51.88008310169677,-295.2941693712042)
86 (43.003531197214656,-117.53806862862264) (97.79496011906883,5.777473066124287)
87 (-4.297294953042101,27.47809447482981) (74.68619731737832,-29.577229210498572)
88 (232.06950961780615,-8.66996406062335) (163.09765337015943,-6.354981730348641)
89 (11.82652920671682,-23.744262856646497) (151.83045671555223,-48.27235963203914)
90 (-99.0722563445405,-127.31655991119197) (76.4590713878959,-155.1737101215054)
91 (-14.702068820979331,-46.93545581769284) (84.88810134592815,-181.01124356041174)
92 (46.88583803058849,-138.7937228671315) (78.91132442694203,-212.3386192284139)
93 (-130.22676311256086,11.04742193405999) (-247.26114603905896,57.33193229565546)
94 (159.73551391942257,-6.231374003573261) (206.9806347426425,176.38718772918688)
95 (22.52610185644183,-40.063152828928146) (77.13257201884183,-155.0690026010126)
96 (18.00009435253639,-23.619053862751638) (-23.68128632920053,-217.15653651346872)
97 (115.00661467495578,82.96476310493249) (6.177005807783999,243.82678187782363)
98 (167.88732954309012,52.98386061888018) (89.97064629707954,-78.32999230122834)
99 (151.80551164960627,94.13712997917472) (-26.181386804172575,105.61666245314892)
100 (-102.86851804289928,-57.85115064025483) (-269.01737779402663,29.5703518432195)
101 (28.558537994291978,-153.07881938144757) (67.14077145748931,-215.25911905509548)
102 (68.40344342778292,-21.96568426085153) (18.16293943682551,13.993346287272583)
103 (-64.09404275274665,-92.00403921605005) (-50.53068324718226,53.265292220730686)
104 (182.83933625434528,-64.00416866162698) (158.69172860815746,-149.93594478054678)
105 (152.73236374161073,15.968681665920077) (232.52595687388384,37.03274715028759)
106 (32.544919999860156,0.7726948689981221) (-109.20972523340907,-105.42015482619969)
107 (-136.34424847050894,-110.66285004512609) (-230.45520518147958,-24.65828134193204)
108 (-28.44109662373139,-12.547575597676992) (55.632956294847666,-6.432405212656233)
109 (-10.788037255738725,-14.913086002358307) (144.04428949016636,-44.835071863671764)
110 (175.47467494042888,-24.720271993549442) (102.09319958520481,-61.53616614335992)
111 (128.97828935785742,161.90868511456426) (33.328473385507905,123.83922749916564)
112 (17.32022637748504,19.06891347300168) (58.16234659680329,-87.04394307935294)
113 (-23.673063654632813,-20.88065857021871) (-150.08350477173897,-73.67946700019691)
114 (-122.65197157383895,-10.861277169685291) (-221.94175654213257,59.95288362647969)
115 (20.996426442871087,12.237291290342137) (-5.6143717968269335,-33.18186016236433)
116 (59.91713746841765,14.204376991238687) (-66.36379195761978,70.71286104875475)
117 (-85.52745438636751,41.95024999072005) (83.28000135975083,66.31182318328396)
118 (296.48694014638835,60.408429794968065) (143.8056304402816,-10.360966446958976)
119 (1.1095567079098043,27.559739184152903) (120.14996331173575,9.281933766629958)
120 (141.93204923818334,-222.90667242890237) (174.9982316919968,-201.19669546976365)
121 (21.54750339330669,-20.156264441593265) (89.27224845481388,3.582820431298721)
122 (-87.69252434398076,122.5896433285686) (70.87447220508234,104.01871992694669)
123 (-33.52083004871728,-1.656179880912127) (51.78419507671,-119.05738477651906)
124 (12.55652089508366,-7.755546170371655) (88.04691659040783,-146.13294097718497)
125 (15.96022842023186,44.35144803724948) (41.96190015627376,194.4315824240768)
126 (-40.688125696732136,-48.243040767976964) (146.8407389868622,-80.35487143943423)
127 (20.8495190120874,31.234296238369183) (-117.9791367175163,-54.26796554787664)
128 (-110.52234497782304,-87.53030745329067) (-260.53344965833264,-105.8981523175229)
129 (68.03881422485729,-16.96666285182851) (154.66848760808068,8.545478948335589)
130 (2.6926179051677286,-44.0865285004151) (30.71172588914828,-108.31847224627792)
131 (147.44976886142777,-11.861912116403325) (215.12667766588822,30.94273471578574)
132 (45.93927475183624,31.18305972897574) (-27.369012486534558,91.79368738160483)
133 (42.2926499171597,-115.2130507604605) (54.40470783785879,-52.91757303909577)
134 (-29.286910056571674,3.8389735350542242) (-159.41710283468157,-20.746746809175264)
135 (-77.39423079883841,233.55268516557246) (-14.454469935747817,230.24646699441064)
136 (55.57220378178128,-181.2300847290102) (-128.18660308536903,-126.47130025970455)
137 (118.73287664491525,-2.540774937188706) (73.94708108525033,-23.979220131305112)
138 (4.611308556088495,-142.70460328200696) (51.64687973597605,-7.855087391095395)
139 (35.862889697628674,234.05899235243945) (183.6525265771009,100.80018555088611)
140 (8.243449903262853,170.13051793236457) (42.660717456542415,-23.961052477645296)
141 (11.024955875356184,-0.7111635639900822) (95.48766630087891,-152.24993428825985)
142 (-0.8614896628311857,-29.78477725273427) (-73.97194243363106,-89.11566068093369)
143 (-14.174100107948503,2.6464368918701275) (-36.37629000560943,200.0510039691306)
144 (198.16443750071645,36.41407359843024) (74.40579845369966,48.208289778517724)
145 (183.95756703179347,50.26129132440029) (319.3158300854843,67.82857808123953)
146 (21.70961024079487,19.065639770812552) (161.04247666683835,75.95665778914369)
147 (-14.999241275903653,-2.4920889945591957) (-35.3960350112669,33.72649224280416)
148 (168.12191479843986,72.38387774157823) (-1.7602449044594266,124.28017230444766)
149 (-26.24545549501698,37.02279937225863) (-112.4786603411781,203.29260883932017)
150 (33.38651733500318,-124.41730667128788) (-115.40246493092225,-63.667608615656675)
151 (-20.716494998358126,1.0258072881691334) (138.2853998666048,78.64917429298401)
152 (-107.86047485828303,-46.4441671778183) (39.84268995574885,78.29104082714942)
153 (-23.719296489163536,-40.72709797233791) (-68.19016486015511,72.42799017623693)
154 (-14.372624683083409,236.03043182230473) (-21.93085497030668,164.5948463243253)
155 (3.771349211419336,-31.00368673990318) (-158.57176248906163,-8.511286377173107)
156 (83.93471567289463,-53.689184981941) (-6.8733047815862705,-120.43148744737074)
157 (175.31639973216568,-42.16046755234676) (293.77861614885535,33.868398549922304)
158 (13.471270011485057,136.03363483329167) (103.92222818571292,60.12686820459945)
159 (27.53140220768761,-7.064625077645513) (-93.40334388558352,104.16260876913908)
160 (-2.4450608001791103,134.68565613617417) (-122.27777238786278,156.27172032960345)
161 (219.6001132762287,28.222885062301458) (266.7451570192621,157.09250725322437)
162 (-78.82868815191256,-3.7521946053808506) (20.72518718871983,-127.23231098971367)
163 (-1.3702061327270345,20.68050391453151) (193.75502006385676,-23.199341883622058)
164 (2.315300790864207,20.430626743614972) (30.03678288848451,-155.584772426796)
165 (-147.49562568388748,-110.81780383329948) (-230.92927010152647,-154.54503843629604)
166 (11.066044231990848,-5.139187950555832) (61.224865403885886,62.052008821965536)
167 (-62.26970482815935,12.59574209975364) (20.94768670561608,-100.4108491350072)
168 (22.170211139487613,39.83139303062545) (127.86377682820171,174.84052756230136)
169 (-37.44207111136539,29.316805841294954) (118.47895678434645,113.1968925744993)
170 (67.29870612282518,-79.68880345344243) (102.26983776960952,-252.92776798125618)
171 (-1.288301097659084,26.801709842372826) (63.192481074728676,-63.11657144995536)
172 (-0.8734075053277813,-13.345422313540821) (-27.892177402331466,-34.603462680353594)
173 (-10.958125041187849,-18.831175899574777) (-10.13669293954216,23.846430306500853)
174 (22.83024799063869,-43.735869760765716) (73.51310562177508,-11.76854052749907)
175 (54.61135525485236,7.161245378173618) (150.7264239198414,-43.12667189531071)
176 (-11.103063525510333,26.24943507575904) (15.02314602864584,-161.55405217069145)
177 (10.459353923218004,145.20169537898434) (-55.571826606542444,74.28146707253846)
178 (17.412789117456622,20.396800025733675) (207.6595059140976,26.774470509649575)
179 (189.2457905454354,-55.70651142319066) (192.74317320951755,80.35020043852326)
180 (44.20159528864221,-122.47640954509954) (23.7913350924488,-16.14100630773278)
181 (-4.35270591217595,7.35165763047887) (156.9619202972409,-75.1835626484756)
182 (-7.426177954975768,43.33256193518176) (61.21288344739037,-61.135748300410555)
183 (-31.085419082428928,-36.746609467251616) (16.056269841826783,-155.24029988950574)
184 (-74.03106215175299,90.32775129825342) (41.15517026664229,97.74172487875843)
185 (165.90990368052766,104.71193806511559) (152.5290123931019,195.40402616849696)
186 (92.37619188662208,45.73763423821205) (-58.72944427066466,40.03295292591684)
187 (-29.150114540861686,22.53344076223834) (-25.832847385449746,127.78255785388306)
188 (53.191809600817464,25.60254116426303) (-29.958329657134158,173.96567131458056)
189 (219.37121609458347,-3.155362009507611) (92.42544392748384,34.67693966104399)
190 (45.72439104088148,-18.27792799338496) (12.894228002987028,-125.77810236274259)
191 (-175.78275162397566,-61.57582394544142) (-30.626084189165766,-13.246634074282333)
192 (-26.69802805722542,-249.81457455258305) (70.38488422795126,-270.30019557068084)
193 (11.01649956903587,16.561181120634583) (-114.25368687141301,13.11240127275434)
194 (-10.938634240038615,133.0990112485985) (-67.87313313550254,91.73637291643846)
195 (-57.17476661757033,-116.13139964075212) (71.93859664975619,-126.99421336692228)
196 (88.76354348223805,28.013945419629493) (22.908514379483194,48.10937849761768)
197 (-121.42411973746647,-90.5496144471356) (-18.488283178089546,-176.9771280519485)
198 (-31.331620672988844,-5.864013330723188) (-104.3806955268925,-191.94643411496665)
199 (-41.676241913204656,-0.857074905311278) (-71.97063552299315,73.12553880002726)
200 (-71.88298046716943,168.47695367186608) (-10.021657381360171,254.04639148717905)
