loadNumber pickup dropoff
1 (15.564823759233205,50.91649123557091) (19.516838671539674,72.5683671095093)
2 (57.93773094132607,-10.90733119982391) (72.80702666673228,17.250670549560326)
3 (-16.67475190703415,-89.94687177022055) (-16.507361635261493,-89.1540084988206)
4 (-16.383359846240094,-82.56999903054108) (-5.242106751963208,-106.62045613084139)
5 (46.42691277292491,-20.51922341921635) (31.78139681397426,20.406989479421245)
6 (70.73669593306431,-54.55631411580809) (93.14687999544756,-19.314238310207223)
7 (79.28319505874497,-29.71557143616899) (94.5562252592396,-60.3278958506378)
8 (-14.42342963741606,-84.56796694714242) (3.0765046557812,-74.07064019922804)
9 (40.153415183836955,-67.15778298899859) (28.084591178871907,-112.6821447757844)
10 (-35.55694642822088,39.30949213582554) (-32.598570286491395,57.548351243390755)
11 (-48.851266515928835,-10.856299845394489) (-79.5142223664596,-20.508263033845626)
12 (35.63730271269267,35.765027538975545) (32.50942407082354,82.12255798628462)
13 (-63.941868614599834,44.19777126712931) (-96.09324882724943,49.57942899133105)
14 (-47.665043446722905,-0.8909929535710573) (-32.35658426057647,30.677972114203303)
15 (-63.50484581736638,20.297900454505225) (-82.23122137334545,32.9480369815988)
16 (21.194151905805402,67.17212044803594) (-23.45032663161999,46.043785393770534)
17 (23.45323830405405,-52.75407475114636) (36.957856922683035,-64.69303067738099)
18 (-71.98454538671336,-49.320072201657865) (-49.42417975216595,-89.75488267775518)
19 (27.017043896867584,85.17800348264821) (42.869773315062886,86.17107733475302)
20 (-75.76884375760122,24.898259135970008) (-68.83386778405361,70.45195359874677)
21 (84.51893478987029,-18.626413451536248) (90.3964635085726,-23.806092662695356)
22 (-36.47541056317098,40.522358507296985) (-9.98411516470945,48.946085118631245)
23 (4.421059801419129,48.753004841849126) (26.577671681925786,29.361219699478845)
24 (38.08135179129577,25.710805605614745) (40.85802835147301,40.70639971821272)
25 (-1.6521368660270601,33.09572018347903) (-9.580981544030783,54.737447295860804)
26 (33.33982041783698,20.521222352290764) (26.427133565734284,54.804348570109)
27 (9.243950011881996,-5.556800365853017) (-26.666332113807297,25.599998842409068)
28 (78.04673625981705,-56.1993030140667) (68.13468259192733,-84.51835635063935)
29 (85.47896074470388,-16.912827937859078) (105.27071932926602,-35.7268084815075)
30 (16.107048110512707,1.5827023564792384) (16.90158948311046,42.807606017244325)
31 (6.527265962637915,-81.96145001066498) (-2.6978295164250286,-105.72684513246264)
32 (-53.97651487505301,-27.597229063007603) (-62.340660852401854,-33.590109102548425)
33 (57.913244248121245,-7.065239180597931) (27.94024468172991,16.165517796282277)
34 (-5.2971677994369575,-33.145555658863245) (-32.82365189864172,-33.57560364532524)
35 (-33.61609575341157,-49.962948986363294) (-39.77411533695068,-54.81499241167248)
36 (-80.38030112797058,-11.853162896875805) (-105.34804949706049,-29.297326804095462)
37 (32.17339211749724,-73.22851939872675) (66.48212818312933,-72.94731475931339)
38 (39.1928918384118,-23.817465248656458) (19.424736584833415,-39.19766395128542)
39 (53.299729027451754,-62.79036429242989) (28.51221471943833,-30.842608745227295)
40 (25.095885186201993,-67.70744868055186) (63.54345236795352,-96.88731736204574)
41 (-66.31408918894988,37.88418485084759) (-87.75479484483526,12.848149392193545)
42 (-12.561504435577278,65.18410135505526) (17.570263415772878,73.53661871901676)
43 (-86.78370045988689,4.904226442704588) (-75.65671044248775,48.94679190590009)
44 (-69.37234339878798,58.348124685331435) (-100.97389898115456,48.27012023276244)
45 (-85.1136281868585,16.911028728999344) (-95.4080525820327,50.850859624374095)
46 (34.40768806467907,10.066685319378127) (15.821616060551062,8.633276516861647)
47 (-55.31327762137372,50.98964173235273) (-94.7948409812098,40.42251674601199)
48 (-48.54608451921167,-5.908913870365702) (-56.85438573153965,-3.116049829134326)
49 (1.8960534694524285,86.81215787866375) (45.67078994650823,82.25021120755542)
50 (3.225404091792831,36.435196418878334) (4.11441540171259,69.93956878736769)
51 (-69.67925298770176,69.36334214748719) (-93.66179969737286,108.67106993769823)
52 (-33.29859885371386,92.64530287243466) (-68.62259891988703,77.4940253690651)
53 (13.43346038088868,21.847570405478503) (-29.258053672457677,6.634894864220371)
54 (48.53351360605746,53.60659653416113) (51.02607430428508,51.05263263193547)
55 (-36.91304772456233,-19.62735667230952) (-56.44222937089626,-55.395076834437134)
56 (33.6757667074186,-47.236496002068755) (17.25882276719658,-69.13225217483736)
57 (-56.50523263835836,59.02562663596622) (-22.421979491401927,61.28015619982238)
58 (36.86095939249702,-6.422192228105607) (-1.866907214089018,-19.237386154982612)
59 (39.40215417116526,-86.87862814466077) (-8.766920758586615,-92.989693533402)
60 (77.49580830377134,30.670812952031795) (83.63915051258562,64.65464596546454)
61 (17.350404231532025,97.0545820126539) (15.927890958822491,144.7840003104983)
62 (-93.74810742353213,-31.779019050282816) (-119.54665634459198,-48.48557536797854)
63 (79.58294008810749,25.408964232259574) (108.52780666114401,42.377457997385335)
64 (-9.943293318037632,38.61860231294564) (-41.40898237496274,49.62721554215432)
65 (27.01246752630202,-93.69422880289719) (26.556429550785598,-91.67661349992412)
66 (20.197665106877174,92.1681543622293) (-1.316418252444219,122.85844684620498)
67 (-4.975401717292072,-89.79929734934639) (-44.83730203325391,-118.85110182618368)
68 (88.75543543569745,-38.917848927458685) (116.23753598116457,-26.05162741829799)
69 (55.00589920363751,-21.724369400388202) (32.38036813148722,-57.8175639237964)
70 (11.613907024653313,-26.163204457105707) (22.26149178701453,-26.547376515244387)
71 (36.7770556863933,64.21831363484335) (70.87687663045334,80.04163667795412)
72 (-26.809165294187963,35.818712107582954) (21.333992718426487,44.6277290735209)
73 (-52.83732512702666,-25.321927866832937) (-34.26734197151654,11.342971597548676)
74 (-62.874266996645126,-76.15926999658883) (-106.99713316214432,-72.52846500747354)
75 (-94.93817209152594,-0.03337303852364847) (-113.32799515725955,36.85358949532948)
76 (68.4676268443327,-9.046814530046632) (108.93620103864737,-35.64106298601468)
77 (-72.40183078538672,34.28594678955771) (-81.92203021841948,70.53019295813962)
78 (25.581140261107205,-34.284659821186665) (58.30936271682391,-64.95619016806852)
79 (23.54895470043385,2.1663001148490104) (15.594299780675014,-6.176908854585195)
80 (17.80943793902295,55.07835618472396) (59.04441003616241,65.6494118165899)
81 (44.86257570293684,-57.992132191089496) (78.47840626456308,-90.27149343473917)
82 (18.178454858962887,69.11647430818223) (8.163960790697084,76.26198553172875)
83 (50.85727840781759,-35.50434480663979) (17.49663440710159,-52.59983786410609)
84 (26.525812256477018,94.87188073402604) (-15.79053204357185,96.37872999070231)
85 (70.10220270808783,27.51668090513339) (54.257842767507306,35.04823075833974)
86 (-74.87977905023287,-45.32824594493219) (-54.06706897846101,-73.48146039981994)
87 (31.5781891764836,-16.225095555417088) (14.11137661354023,-38.7030606001819)
88 (96.65458838677975,11.57118877839293) (79.14880887513645,0.5409670395320916)
89 (84.11994595302168,31.394271821422006) (120.47528394414135,55.00474889745901)
90 (-28.838772934771434,-41.76814537665414) (19.19319722938885,-31.475547905601275)
91 (-10.05109279640448,53.42980320719188) (3.1028979956504816,96.69280509903237)
92 (9.308451659705774,-22.38384445432033) (16.98818349410147,-69.90576135857329)
93 (-51.90504925991833,53.330866728948294) (-79.41086945418536,53.875343662136146)
94 (-34.291762372466636,85.2918948436241) (-32.18068386152811,98.37653695834095)
95 (61.527547379161774,53.48768331020271) (62.10279549383766,13.737010139208138)
96 (14.334610508020926,39.67334421468076) (29.76539337097047,62.33290860037985)
97 (59.285066367273785,-54.91776914361092) (55.24135128000783,-80.3568236410568)
98 (41.66924489231385,-53.266962209689915) (17.92672480251319,-64.45852382836472)
99 (-51.270638747575056,-27.06528723941748) (-30.528527451773783,-6.626025940431624)
100 (-0.10418371447650031,67.81522027512483) (15.232661518968193,28.109674930678146)
101 (-6.879010642121631,-98.51444097929868) (-11.11335884382418,-64.9357825498559)
102 (-8.624280655076955,-85.68532893995578) (-14.556772533283663,-59.17425740043049)
103 (-11.036969233658398,-94.98228466534793) (-27.471645394567673,-119.45971623425723)
104 (-46.00600099009886,-12.956050584905393) (-15.34377232030279,-12.915606310507918)
105 (35.20478923577713,42.65215375780984) (11.559765584078278,22.02893552437345)
106 (19.485403123806105,46.434958930818155) (21.245230020531032,20.21099113326575)
107 (13.41127696194341,-8.75307821439812) (0.7809272976926511,9.84770383760548)
108 (40.60952214172522,-57.26602791669786) (61.511349658016044,-100.70934188499587)
109 (-89.72723828458282,-8.438703198327797) (-102.51849896581943,-19.916754672766785)
110 (49.048280223610895,-78.427555036325) (33.08360864096211,-83.81261814222215)
111 (-13.736770426822943,13.584143388720577) (-4.043780292515665,-8.456030156207195)
112 (47.396504302169745,79.70305461304802) (20.68174045580563,92.05403313194745)
113 (-19.405454493490904,91.5840264419109) (-23.60376339748094,90.85928616663435)
114 (85.9231680599019,-44.69752309097124) (63.42872508489786,-5.303073898883532)
115 (41.42148680919753,55.341213331890955) (78.91254918750516,39.96824934950815)
116 (77.5086853092306,18.11807892416697) (105.8625305457747,54.86965942976521)
117 (-11.6041348644475,61.03358013121348) (4.49461781045383,55.03269055791948)
118 (-59.38582255698002,-42.05787573113227) (-82.90150713966592,-43.62234862453298)
119 (15.797550150997251,-64.50936192429982) (15.660789304639794,-45.68951701974318)
120 (4.915968552261279,46.58181557033215) (-17.772250761538228,74.15864403955493)
121 (-78.47998203101194,-43.55246452013345) (-74.83730946266363,-29.441196537378147)
122 (22.269697719102076,80.04060239497709) (-7.813531448941728,104.14544537689383)
123 (-57.23931406548573,-4.8676619810947654) (-92.64239740161548,-8.06240752769646)
124 (-55.741701641080056,-52.16519626781627) (-35.02017874923375,-38.0563642091386)
125 (11.78427309083636,40.96056789043281) (24.859254770616637,39.75171589950564)
126 (-43.23759573901805,54.05329826266245) (-88.34684983266149,49.78116963691818)
127 (-8.05746941297386,-98.41278186503297) (30.877230356323473,-96.3326297508421)
128 (14.722198844343891,-57.28913523216626) (17.276684260652818,-45.490879017785566)
129 (21.655725576961355,4.831013027481837) (-18.303796171013854,23.050365856535688)
130 (-37.215644428262664,-35.887449466435974) (-64.03456565856956,-53.12529757607906)
131 (21.24351958499433,-94.2987193301668) (33.05813947846313,-137.70353246584068)
132 (-38.92133635318823,77.53009174919781) (-6.122533087676416,64.48464728629091)
133 (2.00573245236439,-99.84510011024734) (-10.599482072076007,-76.52198233567216)
134 (-8.511873735112209,98.36608071460275) (28.73465876018534,96.88358614452997)
135 (79.0751462414917,28.380969515269104) (44.40899105827038,18.254005655981985)
136 (10.465006361903795,-30.9620956876694) (23.541408475887565,-38.47958081315983)
137 (76.83237937766826,-31.046532482371084) (95.43358151968556,-60.457841010312556)
138 (45.62328174788569,-61.434897393479204) (55.38513326169634,-60.76295720817837)
139 (35.02535908149681,57.38861113638513) (41.04523575681003,13.751701419133362)
140 (-27.175578927650225,-32.342146443509804) (-39.91709367768664,-72.22015123115864)
141 (-28.50458029455977,54.93818394092124) (-53.731373975657675,29.64064292653392)
142 (69.94316491101587,64.79512724871377) (73.60339970488788,27.54997322571571)
143 (21.720885278843358,-49.516146603720266) (48.950104575054326,-19.120355289766252)
144 (24.16830227306299,59.15644360339336) (20.624175157614232,90.88941570329034)
145 (-9.432255255372537,-82.02273463751017) (-44.49130823075699,-47.115954165016745)
146 (37.823614363165504,29.45256455620993) (51.38162196488558,14.096392180509286)
147 (2.440912746544692,48.86205625965713) (18.142783087578003,49.01703518888514)
148 (49.458268732323674,-5.443074351929791) (92.41023509728063,-27.093602736164208)
149 (70.3831699153866,-65.80953293357224) (71.47839996396414,-98.89889241962146)
150 (-5.183617248675864,-31.586412148830263) (20.175191136355494,-51.1636587357178)
151 (36.99036972667399,31.008667043857294) (48.226217584438785,32.06039587570961)
152 (46.96725594279655,70.25164729703101) (54.01338584190406,30.522661568804608)
153 (-52.26134536130883,-1.6405100208726344) (-11.28401456636768,-28.404097359290528)
154 (80.44016606054893,38.2427875312922) (69.78281715697672,36.01174126893925)
155 (25.30097380172145,-81.78315290942878) (37.64007592661757,-110.2013037710078)
156 (-12.854562469891118,-23.35622679826098) (-45.02914370572822,2.750622348435158)
157 (87.18976192331917,45.34788314853069) (96.7648496879269,59.35297952597338)
158 (-21.42521787467393,67.500380552066) (-41.80538549034739,82.69935017578615)
159 (70.96504131475167,57.3990499565793) (99.17529620210641,40.96132599258287)
160 (-7.17766506736243,-11.838697580260883) (6.291008253819701,-56.3404360297715)
161 (-52.03626369345711,27.250669468618806) (-63.947090757225276,39.227535477608384)
162 (-58.88810908801385,62.927669365521986) (-93.97399956470625,83.46973064110824)
163 (-63.22374058311657,20.215651461090665) (-40.79330798806577,63.751275009543114)
164 (-30.0717564950608,-52.75658533637252) (-66.07780547740263,-31.201673851186758)
165 (-40.68836015647066,82.11482379962658) (0.7522170943872268,56.94388789155277)
166 (71.33910715039917,-19.138397295587097) (115.82323530557727,-22.767800667227615)
167 (-27.582787057425783,-84.83958004286862) (-57.50608752020557,-100.12807164856868)
168 (-33.26868497565436,52.086330784211526) (-60.31421974899404,92.23948468515931)
169 (-80.52227628973246,6.069439877552851) (-121.22057833633187,-21.01828978914606)
170 (-13.494733178268401,90.07323272528335) (23.123704840640006,71.12647821789204)
171 (-9.69569830933878,-14.703824184725311) (-40.54782904345954,-41.15900872796654)
172 (25.693712009353646,55.43329903063053) (26.712938784178903,97.07424196960388)
173 (-22.88006859454989,-85.09487304619007) (-45.67104165566164,-96.656972880896)
174 (53.14237128286097,45.146861800192255) (48.533229232768846,19.026645645722017)
175 (23.595441290249294,34.61807017470252) (16.200928818513574,60.3279029339334)
176 (-16.619714208537456,-36.84446395362216) (-10.730423970882594,-67.38624154375402)
177 (-67.66589926363258,-26.131048989008033) (-97.11495609066041,-64.90532140454948)
178 (-22.577003945417022,-50.12285646959967) (4.579966145270905,-53.250383302173525)
179 (-40.77881475442409,-48.034393370081204) (-66.82630322623461,-15.878624777711721)
180 (-49.687503362689455,-70.24935110929309) (-72.21252354848141,-105.69594673737748)
181 (-23.76195936601276,-11.71179125611729) (-20.560104047189697,-38.28520422582985)
182 (9.919604633836848,93.27078387597356) (17.062386567157425,47.95356150272511)
183 (-52.55529653648864,-64.45580237878211) (-94.61013728577848,-83.37049071427782)
184 (-27.73458030954794,49.73354653012437) (-52.37323019199111,16.19217526425713)
185 (32.3656275400132,25.92230217047502) (18.102198567570454,65.11688935090517)
186 (-16.358905373858555,52.19910045872681) (-32.58288277386903,78.97016205145397)
187 (21.727185048229114,14.98991409770902) (18.770704210673703,5.62355088177627)
188 (-29.985805816177894,80.67887499338073) (13.94817879637364,86.25677265024967)
189 (48.9597712223019,-30.019968735979532) (87.17393328237833,-14.446243360352)
190 (-23.480377983277958,-86.87949510058458) (-31.74114394684879,-103.60208648901732)
191 (18.768578800978563,-94.32095725964143) (-5.587444959607858,-76.8844796704146)
192 (44.78952518887678,-56.334530190024445) (56.16473623442941,-93.63288005180189)
193 (78.73997743581249,-22.16727962003647) (62.40035935214931,11.56086081218952)
194 (-44.178262932212434,22.207106795821897) (-34.612346069024795,1.285830788696753)
195 (55.18837785740674,-40.888141382756736) (45.84208694860442,-77.9882232276772)
196 (4.215919244241762,-50.68258495495891) (10.785751429188661,-88.73426053164243)
197 (-31.31989513603872,-79.92844163923552) (-33.746754023662234,-31.584699025101465)
198 (-17.82364807253513,-66.3099392879675) (-31.906572750600834,-111.33518663379638)
199 (10.185302388633625,30.14664046702852) (20.424527038485074,-11.298094418390058)
200 (14.241822393129917,33.12021597476299) (29.585293157009993,29.259252110897137)
