loadNumber pickup dropoff
1 (99.50004904051815,124.56623127516198) (40.496726951674376,196.20536391185237)
2 (1.7201930819806202,-17.894827069875088) (53.05929476868666,14.50806013432054)
3 (-42.57905990650704,-2.0943037024213336) (-52.96100776547992,25.397408063256783)
4 (-71.32881111581203,-11.193250932949354) (-64.7498886016532,-5.229398327963753)
5 (7.262703305609343,-147.5203524461451) (10.679997569861742,-206.4521482294795)
6 (-39.807299572012774,8.87745908502679) (51.20342716353522,19.85777849769795)
7 (-80.02244241225704,-191.1517824990635) (-10.548387065668749,-133.02563019017072)
8 (-124.54451611155042,45.21958241023078) (-141.45095532019343,72.18589560183406)
9 (-8.302420478083029,-10.521644467571305) (9.990725129339811,14.844830637838902)
10 (7.474634824160907,-50.92013329251084) (-15.438271105646896,-15.432273701152852)
11 (98.69382792240334,-74.46575666659035) (95.47512135388915,-107.40159642028246)
12 (-23.939402018616786,136.62065176286137) (-120.30733146322477,162.97923056717684)
13 (-51.63988253994416,9.050495768189199) (-60.70542329571025,38.751580729516824)
14 (-36.09203473096116,-27.24412960776803) (-27.001578439984428,-58.13587547392919)
15 (-17.83478992884404,8.76676669171363) (36.451670826914054,45.60702237804479)
16 (-108.80400544192267,86.87211349911315) (-137.02719316912075,152.47931135402987)
17 (23.54379862782196,50.6547706960833) (51.81102505973996,69.08064376480927)
18 (-145.64130275120587,109.89936967118913) (-231.89682517665193,97.18077291787338)
19 (-101.42130130828559,-52.3147593885158) (-112.66525880617327,-39.460269227283284)
20 (163.27189504539666,76.22043134451283) (247.69498778057385,124.25312980805563)
21 (-55.9197501531672,-80.57947043414319) (-3.0701962086240897,-63.594316403563525)
22 (-77.72720097677322,4.8752735642774505) (-127.25321847644602,60.40958461647352)
23 (-4.584150493523573,-6.809455494458114) (13.65232861138426,-4.617801999280139)
24 (-5.479047567179634,-15.39766338017241) (-101.72869386912343,-39.24408560141255)
25 (23.700921457881044,-177.2556393372037) (83.65371163032594,-197.77267518397906)
26 (-9.505505852622282,31.178775933380734) (3.0295077585801984,-54.591943372610004)
27 (-16.237503064613026,9.017480853042866) (-12.066406883790822,82.93056342991612)
28 (-123.37737358098116,85.23236888704938) (-35.73355561445646,65.5259452346232)
29 (8.066048418608741,-3.4949722586020857) (86.5754867356504,-18.129500251100207)
30 (-43.83158318496672,81.2000320686514) (-74.05618558929008,24.484750850367938)
31 (67.87458099668014,-124.08792169346931) (13.488509983412236,-41.80160881951993)
32 (-8.530305806752692,3.2486175512323086) (-13.130757263894246,33.0397685229853)
33 (-5.659546741163234,35.80372111559889) (38.13254177771037,27.704950607926225)
34 (1.8228192488663897,9.85847554168528) (-25.716700414621393,47.33496568294705)
35 (-8.63335282210298,1.825658285071917) (0.9972875615866705,19.657215259236736)
36 (26.734369074994085,17.01149550241168) (-34.385375001472,12.656174131422585)
37 (-18.8530951686383,25.990415142334772) (-21.7264882698204,-15.887151034868548)
38 (43.46320090745839,-20.70074133089513) (125.2324051325752,7.910991756444382)
39 (-9.494355078044004,-84.47380992672706) (47.61311931020635,-161.1455501475645)
40 (87.97297794143606,-121.59374974328603) (20.256188774962155,-97.39753793346183)
41 (-65.8239679526739,53.40068919026767) (-48.97912464181877,87.91206938454438)
42 (-120.07786941842582,-50.120234750989454) (-50.09267484297695,6.24280842282613)
43 (8.401040317162602,-0.2189914898601213) (56.61032085825264,-15.52469628120869)
44 (-208.4286776777164,84.35554428264588) (-192.93016686938037,51.52487551703421)
45 (-65.00488912381688,97.97158210048913) (25.77829264548484,123.31381919801686)
46 (92.97658009802278,-20.749506742088872) (99.90050988529494,18.97466623246361)
47 (-142.60179823552582,73.22210305176915) (-198.1400244526783,24.06475895056228)
48 (30.013900495615374,-171.04235835015666) (-24.05353857620372,-183.73082466632982)
49 (14.285877125408955,-11.362218922787717) (73.36958800106066,-33.925771056647775)
50 (72.70639917331864,-208.1794772027103) (42.89583834635687,-132.67710221054142)
51 (0.861573392396755,121.82463524687344) (-0.6437397322586786,166.70832694741512)
52 (-78.69387318613789,-90.08450760381322) (-49.5747172350393,-76.17896033116492)
53 (41.72374243415896,69.33639373660492) (-54.72109759133544,79.71810960062746)
54 (53.924905952361904,-31.978899273971198) (102.51665602731094,-97.19564917058554)
55 (28.876627632048393,107.94203368177679) (-45.321085681029444,148.3352300868727)
56 (-116.21651913886411,-54.607145826440856) (-115.23376455705812,-133.20503005021965)
57 (-41.89408686271684,156.79959143520125) (-104.9092301830373,89.7168771139682)
58 (-62.77141824780135,-61.78944079372497) (-85.73117028284648,-60.85735155757673)
59 (58.19535530905516,-15.981225784464312) (152.40093837905565,17.32670234116754)
60 (-42.97885482391461,-88.56041165547636) (-83.65734733578336,-97.90364530758445)
61 (-35.43778255348131,30.97302801320068) (-125.15938893048714,55.78322423987812)
62 (-4.066563427362697,-8.729460748023719) (-98.48783402272119,5.856281645071894)
63 (-114.00516600394033,-2.8683617787035036) (-179.310337462757,38.6752224875975)
64 (67.84715019686142,-102.09036719946286) (162.6726906836896,-115.88339313912088)
65 (-148.99693290803617,72.2052043164469) (-151.6533308636691,29.014086606402337)
66 (-47.52018452550546,-88.9499097481804) (-30.385881614927143,-62.42844026981328)
67 (-4.660077495642426,-21.495047570497658) (-26.319657296880745,-0.746601304240496)
68 (-71.46448996237562,82.37824526179563) (-25.504077126223855,3.624843229614669)
69 (-40.76617937175551,-51.67439159151258) (-76.62970688255366,-111.88896961248334)
70 (12.551249156265945,-12.715792455180715) (-56.66252586279878,26.255034222870368)
71 (74.8811624099688,-164.97679675095688) (127.6862180655256,-165.81445401986366)
72 (-9.09163101929585,-106.45242037962021) (2.9390396078608276,-121.6127771112185)
73 (90.12098442401889,-96.19360640370259) (84.58916508570287,-181.96228280824087)
74 (-33.97879547963968,-7.731689924902593) (-26.13532018570619,-92.97085582116236)
75 (-92.61744376755888,92.9220441386681) (-137.44456190477348,143.09906041369874)
76 (-26.11763652855364,131.96457271244174) (-68.70626821173866,126.03525603860817)
77 (4.9991453575273175,0.01950249455409342) (-2.5678834019456813,53.21355409610417)
78 (72.18240642673278,63.29837298517751) (-16.800921648389306,92.88537756112862)
79 (-12.609869018203058,-13.913595522873312) (10.302169216051647,-5.157401589060013)
80 (-12.583451443915816,-24.357636765947312) (2.2329812489118446,-15.12581500020492)
81 (-55.494376339246564,-32.139064138002055) (-57.18797687678996,40.60579585795351)
82 (51.45632312411544,-12.97251144239581) (40.32269689567022,-14.44679436185556)
83 (-8.113029759836275,-10.820082951561949) (-48.24040914908744,-55.13934713518466)
84 (-61.12628948928113,-175.3312065397122) (5.654151188557357,-107.32257953683849)
85 (-12.151887127022206,3.1744595603876733) (-49.73472497538086,-42.716991452804386)
86 (-98.66291838661948,-55.36260360696938) (-135.6544833631113,-143.22998955323578)
87 (12.381176143088524,158.278497244918) (-36.44022460049243,173.9046946506902)
88 (-55.380131946404475,-55.11452304647036) (-97.96663929089192,25.70315375879334)
89 (-206.97232826602783,19.208110757164967) (-196.35307224517243,-27.84134598719283)
90 (50.06675305430889,-151.2285216148504) (2.785633350209686,-148.20993214825623)
91 (56.32318771552915,63.26934074392517) (54.2103620971193,71.16833414049404)
92 (148.0048393004935,-1.834984339464512) (87.03342347593565,-57.082085384628165)
93 (-109.23088836359942,5.149152580931464) (-67.60391440366845,-0.022745072757555995)
94 (-141.22676111212246,118.43237371512657) (-170.39740782438219,114.28879380583471)
95 (32.440532851465605,-118.97542618982166) (15.125112969858694,-167.7763158383584)
96 (4.684375235232884,14.093975358159764) (-25.906848477004775,74.84260873047768)
97 (64.52182403794836,-35.68029036998495) (62.21362783256735,62.65506555009015)
98 (185.1310799632212,-185.68248524617695) (227.46516855258182,-192.88221144289068)
99 (-130.24580458611698,-130.29015665304766) (-50.75109508094167,-174.3719199697603)
100 (-49.2016075939902,-147.06736100466918) (-14.58129141795677,-188.26784807272566)
101 (-60.36594271992468,123.81170922173285) (-139.54983547876836,101.8765085649194)
102 (-19.96653538339948,3.334768164817112) (-87.85685428283827,39.15771250319377)
103 (-117.3829866212532,26.811304536796293) (-39.90811474228566,17.27955829435232)
104 (-145.7775458048891,31.526954231619964) (-144.17832215239196,98.36784014025928)
105 (114.15749334795582,6.240404178520673) (146.0705218976198,96.3518696442032)
106 (-123.78553426048344,151.9567279723304) (-92.80767120426306,81.63902087336851)
107 (-232.64202343058378,54.79597987167347) (-205.18031998584604,16.89329066712513)
108 (1.79315787969918,91.63356564251727) (-87.17363391609781,72.69520041269068)
109 (-44.1208099253582,54.717348786435736) (-61.069966246783665,114.76900863258518)
110 (0.9660374624803915,1.1705115796018144) (43.173389437509464,-36.87215025367485)
111 (10.945035441574651,-5.448116949139072) (-18.573294743767207,-60.13979565985892)
112 (46.42899252220026,37.06923737671839) (37.04787909713207,11.63889088004785)
113 (-247.3960783625132,100.48190495172578) (-163.3529163979821,103.38503739309292)
114 (-43.017262899297926,-66.08187369057951) (-26.98030450745683,-111.12197013515762)
115 (-45.896887035389454,98.2313996554573) (-23.274220934263536,121.1502981296692)
116 (-187.92588511234305,28.49055592215702) (-132.12487892718391,90.21690519440085)
117 (52.90141071203221,-29.44255363454937) (30.462265104694726,-119.99245823998189)
118 (94.72352298133457,19.847998759140044) (47.325519857574314,65.51266137147438)
119 (-112.33229788498099,89.54401064007176) (-124.42388148393346,-3.771158633446305)
120 (-112.54808598376006,122.06513083736172) (-158.68537079479876,36.767578865027616)
121 (-6.282527284720139,-115.37686559543805) (76.67531988560023,-132.60208872397033)
122 (2.589104686684466,10.79715816449683) (-7.674350852835264,-69.6776479540463)
123 (33.571379453229746,64.67808963096172) (101.74731526647187,69.48386003579452)
124 (-68.6496207569302,69.09090516282807) (-65.29459968208148,108.00173423813683)
125 (-26.423052271294644,-4.857506110944733) (-36.82312278223709,65.54363179556006)
126 (152.3660315382058,89.7861126622795) (127.73136537116554,157.66639857272645)
127 (-14.979590746478557,-121.76284720730484) (-13.63113173167526,-144.29856827469428)
128 (-19.698496138993633,-197.46497520255778) (-58.99686702182224,-226.50913607250766)
129 (74.1055338170844,-23.648067562709556) (142.24600049191457,-39.10702414351101)
130 (-52.51165900164446,-214.8676410898611) (9.535093569495181,-188.48078408934495)
131 (-20.493500803876085,98.68868718369296) (47.46157529455802,169.17564768035967)
132 (7.9727836881098435,-3.4356011535953765) (-18.377438237325457,-94.3171233432527)
133 (-151.6473870890165,32.10737216405147) (-121.36128071961232,-10.472509779027199)
134 (-150.9752731987502,-139.64838541964787) (-215.87671301609504,-179.86269750461554)
135 (-8.510848759430163,10.704952906253222) (-15.463327947465224,-11.45376412763994)
136 (-136.64526013449182,67.47194011921039) (-76.56062405227384,45.0304027134232)
137 (13.08667758595654,2.57659485371633) (0.8653845664159636,-15.383798191480874)
138 (-181.41598137710702,46.10689428318586) (-217.95147676287667,61.40211943914193)
139 (37.592571727494985,-103.38414022122153) (-44.703984260788005,-79.75420653620654)
140 (-15.525029599903295,-6.7938078014728704) (53.68898081127219,21.19510863035708)
141 (-17.657279490283635,33.39491944187148) (-73.86396650008427,104.98808515734298)
142 (-89.71346762337421,-16.647143005353943) (-126.28263685284679,-104.45408811628003)
143 (-65.07863952558365,3.2829653463242465) (-93.268979734584,-13.856136619252727)
144 (38.8131953600781,58.1410847057674) (34.176824172489965,45.982537649522996)
145 (40.22359217802399,155.1888137879186) (-38.86508328429264,123.24159096516244)
146 (-12.832094708345013,-98.56761826002028) (-33.25214005657084,-80.30291002345534)
147 (-5.896052252029116,15.833684004886479) (-104.30640844861773,0.6211932600408794)
148 (-108.44340091057353,72.341099334251) (-32.249060148707386,95.99540774612774)
149 (-9.49036772846986,54.342449186568714) (45.3023688317259,-16.090201277724304)
150 (5.61899345960245,-203.33567277437703) (58.816121533488214,-159.67804796198945)
151 (-99.57592499334429,-30.66283872245664) (-110.81696694398391,-42.88471036445971)
152 (64.42219517388351,-144.35418998907733) (24.49140280104146,-201.90286981301995)
153 (-101.58653568777002,-46.673171259501004) (-55.335506142244704,-11.610579872460647)
154 (28.46485306445547,15.248196164637072) (-25.610059867570797,21.273468457348706)
155 (-5.649142567524984,17.769064887522795) (-69.4240372510657,-15.93201743822658)
156 (103.32125498483104,-56.003979664440514) (63.03355685339641,-32.99605275764172)
157 (-168.2930327390546,31.861545731664428) (-148.98404836496348,90.36043533119147)
158 (-76.90617445910544,9.38286450134084) (-140.69168820428786,34.075391780363745)
159 (-78.30879350745195,-49.63980309368864) (-48.274950460963765,-74.36035008889294)
160 (-64.62322365451598,39.46054326274721) (-127.11551684881809,33.34400512902817)
161 (76.40966547242044,-29.271124166179735) (96.26425780595167,-87.89840608346027)
162 (5.408860338883946,14.83914346625388) (-1.3013624555406453,-46.270111054704785)
163 (-13.001733395206891,-62.47515566198685) (-77.0957131088872,-39.553885060592265)
164 (165.20116265607976,-117.11482054057157) (182.61611572548668,-172.7762211530828)
165 (104.33536430406254,75.08912385905407) (81.67080321179907,124.43343309365528)
166 (-54.331615547694526,109.41951536675211) (-109.56600707984236,48.17163143397899)
167 (-36.43407179457627,161.88653825513833) (44.64422747479608,146.3574834629762)
168 (1.7138613393075435,-12.086087634786118) (96.24483347415963,-41.51976112657143)
169 (-87.31362745952127,-98.23222676697529) (-84.29265001132751,-86.57767077814574)
170 (-61.276310378815324,39.793794530686164) (-125.55807191203898,74.84295592111903)
171 (-198.38753806771422,-176.85278868615444) (-164.28833361619894,-200.92088600068698)
172 (-90.31224891989402,-10.244707607830394) (-140.96925905611928,0.9187287638225285)
173 (54.7864439759456,16.403234241507104) (56.55617567563899,26.82069416075647)
174 (18.056505337680928,1.6528534446094238) (94.83372234125706,-1.7062238906029106)
175 (2.868240252330886,10.328370984205188) (-90.08887281150032,-7.550289483336337)
176 (39.820545119638155,32.22939887967242) (39.81369929066035,31.41513222526793)
177 (107.18399650443627,-54.83914315153647) (169.71710549247916,-130.09713669012424)
178 (-2.928196210653894,-54.43376325848484) (-51.95642319368432,-132.70899696449254)
179 (-83.99727433241267,29.490245306174447) (-23.758868738771262,-42.79962964109724)
180 (119.67786877957263,-157.87961012039634) (26.32349286066406,-154.30335450824188)
181 (-158.2909487739055,33.31926235138585) (-200.59421384009997,102.65680317550385)
182 (-41.33966569661486,65.5101975764247) (-22.484396587533453,155.2275572048838)
183 (2.1285185507911164,3.685006162883999) (45.08830495674971,5.71681808065653)
184 (-126.67192727288801,-5.922683401434308) (-103.31042595740678,-46.10258783293683)
185 (-107.88325809623193,-104.80702512132908) (-169.43868812556636,-156.9087323178503)
186 (71.24799775240838,15.026443780938422) (163.91658872515626,8.204689996783545)
187 (-4.178539254185842,-8.27229721333147) (-73.38725223837578,-3.6924813649023127)
188 (15.057870477699382,-1.8769922716226786) (17.543466780917143,-8.27920452419817)
189 (-32.685575006091526,64.65232774828166) (-100.20284470406737,112.7859976074154)
190 (-3.825621568249777,-51.766004992898644) (64.12101198310194,-105.59846631060239)
191 (113.06634968388926,146.64820288500664) (162.80295323186832,207.95424601717417)
192 (150.95016271039586,16.26460502847604) (153.6405973677168,61.66165449461274)
193 (-10.340827778208395,-22.88727264448464) (-6.662006496857794,40.21330260255268)
194 (-117.73939548334523,45.81491636001524) (-194.93863959429171,39.21951193286448)
195 (0.9237272082106471,16.101468224748615) (16.081080688954877,114.35177288434959)
196 (-44.57997618758219,39.36146804487569) (-18.990318235018254,-18.005352126352975)
197 (23.079519008871543,4.147681333770457) (-70.04108667138414,-24.083897197723957)
198 (-61.356324746395714,130.75364101041973) (-106.13259770263079,96.54512753556847)
199 (13.372898720243384,-15.411378931422103) (-81.49966835246553,-25.577099866844343)
200 (10.968661208161803,-148.99982908360403) (-68.1581144522661,-178.6204171814287)
