loadNumber pickup dropoff
1 (31.947803041218002,70.29735528044782) (85.13446863063243,4.4188878672117085)
2 (-17.367721860086466,-51.65738157372827) (-63.42562977104248,-49.391281778769844)
3 (-3.479267837661599,98.63345745418567) (-69.32768265755861,153.38002073322536)
4 (-58.63269874634831,172.58079475820227) (4.104920392892289,194.9561180896896)
5 (-27.25070855405738,17.601965645555197) (-49.32712547336135,27.469249526565797)
6 (52.62656450446505,-18.12843766049885) (79.23516602833925,41.25232661248464)
7 (-6.861186469138947,68.25586240098038) (33.62876549272124,36.973904537998806)
8 (70.48648269523191,100.17125629616591) (134.06364880682543,100.74975654035062)
9 (27.991050126382213,152.3191842613466) (-49.63692965010855,158.69788387906533)
10 (-100.2769624293266,-69.28503941658697) (-43.76008411912163,-59.90887811827783)
11 (7.266015968391283,-36.7840838015574) (-52.877289963555654,17.135003772033087)
12 (184.56158738201506,32.92869378373049) (141.01470205743678,118.58594819722165)
13 (20.668807971581206,15.621076318641864) (22.781521595629226,21.17422180168927)
14 (49.44779834319345,-208.48051631679826) (44.5461595010324,-215.9886252988606)
15 (-13.964067766492713,33.43939473673973) (61.172977945699195,96.1318160958225)
16 (-60.340180398391006,94.65554507432293) (-15.380726289758982,177.19975879379268)
17 (14.968459029428857,-42.21347263668738) (76.74684187510047,-30.429683333914145)
18 (113.80902895277073,29.95084068420485) (128.96311918222506,6.0280902810286285)
19 (99.37232232534916,-84.69665558214267) (75.47354244783773,-12.629729424364086)
20 (-26.508032262946806,16.024867927985763) (-8.955048504444488,94.84539012279834)
21 (-54.18652794222152,-70.09340360669798) (-72.18477493675479,-26.953671149476044)
22 (-77.24377154236072,-66.17128053031108) (-123.07275282378849,5.305335168209297)
23 (-12.686306464864682,89.7517149732545) (-42.59532074641959,98.58973371991385)
24 (109.9259806174794,29.69637795089274) (74.38829972380199,-42.707208397784456)
25 (-16.87744877098201,-17.897473636587687) (60.84496132048125,41.47614126487437)
26 (-7.293097654493448,-27.568263632328836) (12.673583245769898,-85.82165935487309)
27 (-92.42488497440381,-30.61253201436191) (-118.97149689074662,22.645266300857323)
28 (24.304087472460612,-24.803214436316892) (-21.706547761097408,6.913048578157252)
29 (-13.700354346338845,-5.836727854518779) (-22.416441230314533,-85.50932895674318)
30 (-34.236027460367985,-13.627536013521127) (56.466861199966154,18.49867182366989)
31 (-1.0005398114361128,-14.258921887716818) (57.83124894581467,-24.118133633221376)
32 (19.82004609852699,106.01689418908367) (-65.62278458341325,130.31306121590066)
33 (73.48025002351925,-100.49761395522637) (129.43533788751884,-66.08203667421208)
34 (5.338533002326251,7.926839245747189) (-29.0319484963402,84.43954078432496)
35 (-105.47826208303113,66.22966795474188) (-127.3407928831663,123.46309417162607)
36 (97.05191180085566,-35.37832746568934) (145.9001936885202,-103.90982863491199)
37 (-15.417678726572426,264.10469447126314) (-29.217037184481562,171.41222268712818)
38 (101.12243568658045,-36.32339359447427) (85.20325322853388,56.28995098297048)
39 (29.85428582544904,-49.78602439568257) (64.07647353185601,-65.5286832010756)
40 (-69.3148378435486,-42.393113034976565) (-8.059902601881397,-76.04327827283791)
41 (151.27055444826334,-33.69899416959527) (82.99982062675585,-31.852378380339996)
42 (99.24830174810121,-7.947095781843899) (27.94069341192069,-2.2776996747625233)
43 (4.059619661038467,-28.429096860533768) (82.59016292765747,13.070309805412052)
44 (28.3022149470777,113.28544175221423) (72.24725361873666,96.19400958957311)
45 (-2.658789737295521,38.25007189405323) (-81.01938458107695,-7.278868131479591)
46 (-66.02980716058082,30.306977500988133) (-97.21160944439391,-25.8641688752462)
47 (4.829460539781201,-17.33367123185737) (9.58823599077283,-105.88752042721916)
48 (23.26958630697847,-64.32849937249672) (62.03344878992365,-6.4360762534501745)
49 (-20.922968665639537,-6.106899056694644) (-77.83798290551294,15.262439785274097)
50 (13.001501252176158,33.87445071900927) (14.303143251729761,69.36496011841768)
51 (-49.6150636005733,-76.42871267332029) (-66.16555413581126,-152.96846643474174)
52 (-154.13634328398132,15.037232992598998) (-89.41423084280484,4.182635402449494)
53 (31.283751132872023,1.240566013253531) (-60.67900200466559,23.34381260444188)
54 (3.392375743497875,23.505616750551646) (49.86963169377092,74.42987558786841)
55 (8.840807225211448,13.825132183705254) (-56.42341569845867,55.644439788323524)
56 (-204.94319622814356,-90.15492854515581) (-170.91285203677393,-49.82470073249992)
57 (50.1185309394165,23.858507418996062) (79.91422287564727,-40.076475782860946)
58 (54.98114845189468,111.2321972488704) (81.99795209487473,84.1336603588553)
59 (-93.69521320726365,-6.951258328391589) (-26.243751811700378,-21.233006871114984)
60 (68.36044245295233,77.7753559258765) (139.92654350277428,77.43687765849035)
61 (62.147952281199686,-8.04223889916301) (-24.631130339944,-16.685514313077093)
62 (124.73960314070779,163.5383602689155) (126.84778832927626,169.1898448060043)
63 (-74.72195165361386,-61.494932924980745) (7.488759290842083,-26.725362330955797)
64 (-33.935147394315365,129.14193367657418) (17.02661237901077,180.4223922431187)
65 (-105.89686578657702,58.53552937178067) (-59.27692872199851,104.16802494335303)
66 (22.158511347398754,4.174434455538961) (-52.022588313713825,7.367107545317071)
67 (46.066202580365925,79.73366726706347) (43.82649044888412,42.02668372143584)
68 (175.74911876148235,102.88069582446795) (178.54220356868512,41.51759630657598)
69 (-119.2852826649211,-72.6006180022914) (-94.45451862780958,-29.87280260112321)
70 (80.11334816179016,-25.18176113208251) (113.69151228559161,22.356033333237068)
71 (-10.45684233879357,-26.675011047642432) (7.934294032086102,40.14610695700755)
72 (153.54073667144655,-65.28531226132421) (202.67197684797458,-151.0078549948535)
73 (38.60401477350934,5.022353738745579) (5.266439230977468,-20.696816840476124)
74 (168.81031413934087,12.118209736837947) (211.19704374013094,26.052622606110155)
75 (68.8575135313865,-82.46779717035872) (0.9523218140451064,-52.298318217622864)
76 (-99.82353207205999,-23.21285555965197) (-138.30025290268316,-4.51127057275086)
77 (-93.52772230060553,-13.310736970761244) (-7.397360307875104,-39.77700379784662)
78 (-60.74895171616467,165.31599917303413) (-59.89158811282101,225.9128555784808)
79 (6.4573268528523515,-111.33382393843377) (-1.0084371185843084,-18.698131051787527)
80 (-6.166534570713066,9.881302790649695) (38.86093306171427,3.6684953562938336)
81 (21.537566819371452,-27.487082274313465) (22.160186412748615,-49.260892533949466)
82 (-63.79711297303081,117.43217167079581) (1.5591078040868993,104.41298554806932)
83 (-30.67954469476345,-15.406578500075838) (-66.71514535990028,-43.898035065646745)
84 (59.64677657382323,60.60564252825312) (-8.679781600614362,54.03088518939775)
85 (20.561334527766434,10.782376090667507) (118.4152568260253,28.827506036112382)
86 (11.124112902091674,-12.614160569129119) (25.07421835928634,-77.05599218798585)
87 (44.23801015015006,77.51814284067694) (78.82157914166767,85.83903873165686)
88 (-66.67974055716095,-5.582981185834683) (-14.863482139459983,-12.499257003371012)
89 (19.4184720730983,191.66865496078609) (16.469850419794486,111.61665021834752)
90 (35.40084442879584,-91.53340172158546) (15.004500051390782,-117.09950292487095)
91 (135.54976435446844,115.0728403093562) (104.698834287767,103.28805396162349)
92 (-57.82185429377773,87.3276312533097) (-94.17608348455303,89.1721956406227)
93 (65.15063308418584,-54.86875410300183) (-31.00623708250285,-32.77582978670159)
94 (-13.56211995529468,2.0509810701147733) (-6.023351702844494,58.201496514208195)
95 (119.32924488077079,19.59537716602831) (174.04986676303545,27.027479525722086)
96 (-23.974452535440278,100.0375109638304) (-76.80555671696925,108.95702113242045)
97 (94.91467456861784,-37.52756086431977) (113.84062275637764,-88.9065401897073)
98 (76.50801459435009,62.426764529442046) (143.55622002700818,109.80432611642442)
99 (28.44421903497674,-107.60684195097507) (98.72039432319364,-167.32840629790286)
100 (-107.65212105904904,-22.613300115404137) (-105.45636630109354,-55.34014284723868)
101 (-52.77690211942523,-166.55625251369955) (-7.725272440631365,-243.76111091423434)
102 (-4.074310357585901,45.74717237800441) (2.373882059629918,140.86210560618485)
103 (-84.28449712143937,-184.00031252068501) (-70.18015333635596,-209.95051141864582)
104 (32.22852208696037,-29.077757326111385) (2.2066093846814496,-115.9215033928129)
105 (11.947819668020603,-11.310867692457212) (-11.771140451142884,-15.42152627575973)
106 (-1.738557294963039,114.23446747552502) (73.88112559984162,104.29733538246371)
107 (-29.122803160808303,53.08934128399356) (-8.608383649368605,114.93217622780085)
108 (-3.733037204591411,-115.38438400202703) (8.384721182723844,-32.74321484582731)
109 (89.3691825314011,-22.957502669185228) (96.14678334560166,-8.092711538901556)
110 (-8.562836427429039,37.599331383235246) (4.130213192248826,-54.082919991410215)
111 (-43.51842884524492,89.27563566020682) (27.54340895893197,41.24612288204945)
112 (8.7447612497409,14.51046711038025) (-15.9818656477374,-37.37710932445882)
113 (4.393027844455958,-45.9041536134625) (24.577461945173365,-63.14284767561695)
114 (7.6545102577808075,4.174194768496207) (79.45454279115177,9.108743301172703)
115 (13.91133374940284,-35.246366729362904) (-70.89069800494892,-70.12226920651386)
116 (-90.10601042079372,-13.503246485480537) (-180.3279506860456,-34.00611855979239)
117 (39.54577664328555,-55.197431438926685) (133.2757785806252,-79.88934579902754)
118 (-10.075219189728287,-26.0910126497455) (-3.7377383371760713,13.26162558517349)
119 (1.8803780554555791,-0.8198387210737218) (41.594516910015734,-29.16495662694606)
120 (77.60526393516567,-158.02695933625162) (46.378634471940416,-189.4518099599049)
121 (115.08010949731286,49.010459844981) (97.02612637799804,26.44859680363294)
122 (50.4482423221341,-0.14875333733161877) (-23.541731285567188,14.811447529184601)
123 (-9.379911988945198,-70.30481984893407) (-63.249879499197206,-79.76833689579202)
124 (19.578356032914517,-85.47818007216057) (-27.741374697156058,-39.25836808031268)
125 (43.30212973826779,-83.39738102396943) (108.45823400228622,-20.61645135907181)
126 (148.31422547799576,-55.166191405525744) (100.90960796961025,-73.13003545775949)
127 (-57.95506692490703,23.746134200453962) (-66.94439566551722,97.32430034285883)
128 (-10.511950924538999,-37.73592911289537) (76.70748398728334,-71.40096016446955)
129 (-140.2993984316661,-17.30624096975834) (-186.11874518825016,-93.41666586847413)
130 (-11.982437922376983,-59.53889187404705) (-58.184346706243396,18.698128497509884)
131 (31.959736271527714,-3.535979488146353) (31.820542247214274,-64.74881404032115)
132 (36.548524384106685,-194.79637893429273) (91.90617836742607,-163.10302899806896)
133 (6.846087877046128,-30.659252014982897) (-25.93226378519692,-33.58173353708797)
134 (52.438936048961565,29.771563281813386) (145.26077092420468,28.09319066026811)
135 (17.85059481569371,-7.971965777586929) (-17.54511755522318,-86.1327838858759)
136 (-21.80264392239333,-63.019201733725524) (-16.33607915905759,-71.86707267334859)
137 (-84.08666776983904,35.927165271635566) (-100.40923266676977,122.06320376044542)
138 (42.3449640311903,58.94997797761134) (-7.758035267078121,139.21117323797674)
139 (-65.48492242220017,3.6301156888929738) (-16.722369723824073,-40.53796944235563)
140 (-19.709157445355913,4.968854886065927) (53.296229917727175,-41.64503219552405)
141 (36.603582286496355,-89.80691249432934) (51.295558581549116,-105.78437198613017)
142 (173.59230455183396,153.79690771103182) (98.74007727617844,187.26510536602387)
143 (179.16221228883543,152.37243336383048) (180.42715507627727,156.0830832349235)
144 (149.6000431038263,-79.2826218060568) (68.94132455477705,-86.79772409226774)
145 (-16.782071789641616,170.48688789282784) (-45.411583985084775,248.57938291976848)
146 (-53.9201149920261,131.20482385550957) (-150.53032198666455,147.47432126058567)
147 (37.71493236536315,19.22857510648856) (57.455377659861554,28.35479408343454)
148 (-6.527259333747034,75.93518722831334) (-66.99590896124548,89.29343879456695)
149 (146.04615363415152,-51.247033811637834) (207.6863249666918,-26.514487922223985)
150 (-7.199207960066548,69.2064718956988) (-34.60855816075672,115.79116270817053)
151 (86.29521343845175,-27.070006612702727) (136.00856056345958,-8.223546853207552)
152 (123.28335233531804,38.43434446804336) (159.43258199387523,82.01337451441978)
153 (21.14110817858685,1.894938698290256) (-16.46019059829136,-6.457354190494399)
154 (-27.8776149718327,-61.09842004259902) (-47.75039172112308,36.88402601832031)
155 (-195.3553535965549,-90.4634468845427) (-176.7521053464178,-92.40517186376617)
156 (-169.1704677780649,174.1402689233438) (-172.38332345181075,128.85219356335617)
157 (66.5661666661102,23.14987376483479) (33.47653097084161,44.267994272289585)
158 (35.81393447565969,-3.5400668862124713) (22.665989725105536,-14.106599741559402)
159 (-10.412467125160108,-36.02665496725593) (87.41322504009511,-30.983685278205524)
160 (-54.06972482683144,82.77379626643939) (-58.70181300507925,108.57237274653019)
161 (-32.4767855517984,-4.512752746987837) (-28.965754317287033,-29.717914832122055)
162 (-48.95213431850546,-68.76895299168612) (-51.017615052941885,-13.82345764006854)
163 (58.93213310144723,-90.60377384120471) (3.589651630277004,-99.00449358476061)
164 (-31.443442475203465,23.676841517746812) (-70.53591942680346,78.30101903713586)
165 (-64.72209705445684,-44.61917016550051) (-59.328527486539286,11.854617754835118)
166 (19.04355017679213,-5.786591361260477) (19.827112612865978,0.9649405649592531)
167 (90.05632573320811,89.16067828718272) (40.19488699073238,73.39529999113269)
168 (8.281494884294165,-81.1743338167131) (13.669070898909649,-29.352269432688708)
169 (-14.238104537678295,19.75088106343165) (-55.07597193596416,61.253460879887825)
170 (213.2035720427486,-23.799352812576306) (223.22241812447328,-85.0950858058802)
171 (62.118241081867545,100.23127028576306) (45.60254330987445,56.299231871137756)
172 (15.739790546723126,190.2774939246857) (61.523898309863434,144.72185148096455)
173 (15.326272942796162,2.0402168902647784) (-84.19179426757196,7.747172836577189)
174 (15.192894867691873,-30.388526097262513) (42.8320498179215,39.49066247525103)
175 (-169.28188146647335,-17.2413340405536) (-134.44617416607315,67.53737455571768)
176 (-189.2816639880738,-68.86686708660096) (-223.92470610688125,-147.2211350902536)
177 (-68.35750724984082,16.379686672198368) (-108.87228341498883,-1.0629358744488684)
178 (42.52372005990183,14.344726769752246) (3.6982284609134624,86.86372851012484)
179 (-48.80964578478638,23.474837078015867) (12.422711137005017,101.24084683207082)
180 (161.98523273930445,-8.79998883018347) (164.47230941093986,-87.52911507833709)
181 (-35.01387469452675,86.92469386031766) (-0.8385600050763458,47.37615992386601)
182 (108.77603872407613,82.65438680742962) (153.56790696237084,164.18904826134337)
183 (67.84447190679673,65.89259330526806) (10.62875793688577,30.96982957489471)
184 (50.697206201715275,24.924000089008857) (-21.96974434835593,-6.696163348556084)
185 (39.78666797461843,104.59243560762715) (6.825559773329701,146.639498160015)
186 (-19.55827103696719,-107.2847237602036) (-87.70802211705853,-159.47503930099552)
187 (-11.92379726657719,-41.59523457611821) (40.67665464468057,-89.35150642541342)
188 (-110.01985029748892,-207.82833932195098) (-170.73134473851962,-196.13763232682498)
189 (74.30192894819217,96.0635933457765) (60.09992629117977,90.50670454415442)
190 (97.51948675981666,4.283520225972573) (100.91822283279004,97.72578974787206)
191 (18.536636565384185,1.9042274071242162) (-44.64526583565592,31.463946871088766)
192 (-14.684854052276568,16.473282651415474) (-55.52496987242657,106.13729454645423)
193 (32.692304839192765,-48.41222364365557) (95.96834668652876,28.932709142981757)
194 (-53.1266213366773,-46.655765645011826) (-61.24478869213057,1.1480950500320262)
195 (51.03204816134715,2.180201984042277) (34.515566730887876,69.32928023244129)
196 (-203.92291089597026,124.53552937136942) (-152.91517277722286,77.70112663467893)
197 (114.25177021558147,-128.20868747204113) (31.94786528640404,-83.01002656287437)
198 (-29.70842909358281,62.55451623681357) (-87.98271690744748,51.18507722374556)
199 (-17.45627414119525,48.148750151679764) (44.71771546350095,56.29555186794275)
200 (-21.70319059222168,-11.074397996874394) (-33.21339692931606,-69.51384505733981)
