loadNumber pickup dropoff
1 (-114.22087955108547,148.7258614079878) (-102.71089281452672,122.08313055932027)
2 (153.42551962483776,51.334148426384246) (-38.38126012260085,4.478562847562905)
3 (118.6171292932742,-145.56156073879546) (132.35828919072014,-196.19492957274062)
4 (-25.97283532876612,-148.51397456032473) (140.57016369522256,-243.77054006705058)
5 (39.55199724891557,221.3069694498669) (-125.23937075325986,239.93605274019322)
6 (-107.10407889309869,-88.60413636096544) (-153.81442137497373,-34.989272232122076)
7 (-82.85244689534757,100.11664820879088) (-91.14204414085681,-23.04339775704159)
8 (-6.958889739871755,-186.276007873078) (183.71010553758947,-162.79841828140115)
9 (2.4031239722954467,-25.77001459416231) (-119.25458730798107,-27.473069617980403)
10 (136.42535992735353,-120.88879204418991) (-3.451415984368225,-95.40835783214204)
11 (-60.23080915892372,174.54939832771657) (-185.10045999714373,272.30311688532805)
12 (-131.15754214692083,-140.38657363757034) (-89.58164295471471,-221.74689248516705)
13 (-145.34593000900045,-38.273260065633345) (-45.31608519159559,-134.7740000421961)
14 (-174.58802437917973,191.04225467730726) (-131.86624390085623,-1.0443010645568336)
15 (2.20050486762376,0.28998999078042187) (173.97653091875335,5.090723384661844)
16 (6.901214409123088,-4.502705865155276) (32.50868622995538,-19.335692530865863)
17 (92.27728167650525,99.90734352089557) (9.479673806518761,167.51729951936574)
18 (112.06294637040875,75.0259353903488) (214.0551310149885,-28.15240181278547)
19 (154.12184472543925,2.2744733175696252) (-22.014441197612,70.13077869270586)
20 (-136.9658136633468,77.98091827953402) (-270.6442920133955,202.01337205392844)
21 (-155.13451984138123,7.279317396357477) (-29.08773520762054,-84.72396739633189)
22 (-65.23725305326174,67.83186550655542) (-47.31461282891757,223.64517324782867)
23 (-60.559045988959674,1.471926885040122) (-57.099357896011185,73.202691355126)
24 (-17.4741372137678,-30.153005830179776) (19.058978203846547,-123.61107994531886)
25 (5.418610843351658,-98.24494090633416) (-6.1443894062000926,59.37278366190429)
26 (40.63410279602533,-164.46365578511634) (101.41329343717365,-174.9780897238923)
27 (-137.23806121501966,-93.71356803768211) (-119.64136133251407,50.42241560393518)
28 (-56.93671126306391,25.007579323453854) (-12.052378418209933,-89.80631088295794)
29 (220.66651101621758,-28.174406237549135) (108.92363640593976,108.96393392950185)
30 (147.60659845003764,25.317288000571203) (216.19310326034844,-8.433676737922248)
31 (-32.22728184773141,-211.76551539194054) (-111.15511498920262,-268.3521671153571)
32 (65.9035354303768,8.824290901652246) (29.786266279022243,143.95118292988064)
33 (9.485983109426929,-2.372208732784476) (15.612637076124182,-138.36945926228088)
34 (-109.7785135915143,85.70448721388199) (-7.464682743233851,164.9826793201707)
35 (-125.9678618973703,-80.59360571272609) (-177.7703972929926,44.852713081124705)
36 (176.16384076174754,-157.14593101331994) (150.94596664167855,21.93857018786295)
37 (117.56395871086934,122.78492037343551) (134.84240096403954,194.39238212385337)
38 (-165.05727946724778,100.55510240180921) (-85.36201337930345,100.09772503871143)
39 (-3.813237435629848,5.663716119855902) (-5.554395641112925,-104.47438919426436)
40 (-2.3128725594165545,-8.794003340379213) (20.195001479560325,-41.39886944995333)
41 (-0.0535368893605952,-107.67081261671791) (-83.90140824482988,72.46136587141518)
42 (-1.6748393669700476,7.114910889464744) (-55.816411904621525,178.1195502425941)
43 (228.0375184457322,70.07215519323903) (342.53833784678153,11.899269899816488)
44 (121.68633537616694,-127.72181592552339) (241.50102129200812,0.23973112364508609)
45 (-177.2009200394418,48.932639994380644) (-187.0517153702051,206.35959827249172)
46 (-22.85460484723416,-82.96283463344378) (-55.67569252388016,1.661413343962181)
47 (8.765586390198969,165.21261765867968) (60.02314062677961,10.451687291199448)
48 (-91.71159857891358,8.605680491413558) (36.421961606195836,134.98897028778052)
49 (-69.49863859007685,-117.4715974802063) (-48.43829376612494,-69.49233193195963)
50 (-42.6675145908466,-139.22924159244798) (-46.25662150960237,-189.27966879548404)
51 (-72.0670879503759,56.008587400687546) (-50.3968595813291,24.30091644124545)
52 (17.782947580585454,-120.03522677201352) (-6.288554951392953,-123.15312475580576)
53 (-7.126095582666461,-49.00851787021376) (-102.00135826488685,-166.55657627016907)
54 (-76.4841651598159,-178.07758593540683) (-22.498134184842378,-28.718045605750433)
55 (35.71542603056522,129.18400243728843) (11.285132183480663,-25.736127620265023)
56 (161.03333249279538,-89.13205505666755) (134.61156416979912,-235.28701031050198)
57 (-102.01058787032163,118.04735869227954) (-83.35707955209773,99.1907622512257)
58 (42.507212295949266,-67.98838060776892) (-96.24313972845528,-207.95195491988653)
59 (-8.139823164289382,4.211725454258947) (-8.433689313907655,-106.77364625576888)
60 (111.26508605700354,103.9856013566326) (288.40070164348066,113.38300710490824)
61 (194.32542562286562,-59.04892672161091) (54.7472436507297,40.104391428550784)
62 (27.734023216403024,69.93773847462394) (69.65546520597077,138.3421370794101)
63 (-122.19260112322185,-187.78275111958968) (-224.96403420192374,-106.78063403223584)
64 (85.66921877030389,-34.23845365702528) (129.89543646185098,-37.31526932198923)
65 (-157.84970607853197,-122.35029779975766) (-94.21297748539008,-271.889208991489)
66 (-46.47792591230964,-187.10438507192413) (83.86395109655669,-210.4769871127308)
67 (-1.4273127891872275,3.905111272842279) (-147.38743243444333,35.06602539016378)
68 (-148.7173736692438,-13.693057141748795) (-159.60989124860333,4.51384480258119)
69 (-93.42661236591574,42.8225267893315) (-127.74486656622565,90.20172030259181)
70 (5.7450729854556535,-2.7842884861923527) (-86.67428490744749,11.251465487365184)
71 (2.4041243893501143,-9.430330811680747) (-61.988754312907005,-116.7189757735097)
72 (124.2907371783046,-37.06057856192896) (131.59682926253865,16.11822285793054)
73 (-212.95007775764338,160.1931743075639) (-24.42111488368886,170.13227834729094)
74 (-1.6141883898851659,8.042147474997858) (-16.878375811413793,-110.45766694390701)
75 (151.54556774251063,-76.77186434571473) (268.94599487866174,39.78041464680389)
76 (-41.39025918702524,-76.35015185149001) (-137.85832823212772,-140.7702326048933)
77 (-0.040765454337982066,0.9254203754936547) (-5.926281332441012,-190.27232141079958)
78 (-76.28069257128405,104.18806969954501) (-171.14436964100355,181.90400099796597)
79 (190.43077092128487,46.0385002926384) (116.95994529939513,-125.48755653135142)
80 (105.93385207894113,-168.34845389614168) (79.88718581787512,-41.11253886643341)
81 (-9.790204273661526,0.7485882448159322) (44.42166386929513,-161.82063821027742)
82 (-46.13873516036906,55.04960256631119) (116.18162664491894,73.88109058847735)
83 (-0.047502071396082535,59.281065002172404) (55.798681482913835,-126.15154853005413)
84 (87.69997058346891,-217.49777153097364) (100.6427451612552,-332.5207437281657)
85 (-97.4015620332431,108.8772652712516) (-103.51917390749333,92.91602498792696)
86 (-204.32244843933557,146.7899604257181) (-221.89690086497492,256.51952353106805)
87 (-7.718774011046635,-14.81082972806957) (70.31745672736842,-136.3881717974823)
88 (-1.0935956731778966,5.117978464059185) (-85.06260459581767,9.840935435325061)
89 (-30.02396859153373,6.008552837711822) (-132.89947231008614,-88.04597526297532)
90 (65.68838047320938,9.958992445243862) (232.01456331479153,72.5318874100572)
91 (-3.0397906546081828,-1.8231372121845517) (-12.764726942134327,59.37188008963123)
92 (78.1355859627453,-26.999872288973584) (-20.898835248373928,-147.7723285620151)
93 (-54.38694474762919,-90.46644011804541) (-115.88629307217613,-230.67913453908852)
94 (6.0780214373843595,5.197700729421059) (-101.15617539507467,47.18281028519001)
95 (-96.13799219384077,14.401530080687074) (74.25454753958076,60.36012507255307)
96 (164.37990990990255,-72.19619652125903) (242.6193030956306,47.16351268241935)
97 (-6.38531548553732,1.2055735360483362) (111.02737838143375,-44.41134403631042)
98 (137.70209976619822,198.9067262942691) (179.72231510589,215.2892970849564)
99 (-11.257447473138113,159.55634097603405) (131.47236735080324,177.09517748187056)
100 (-142.64188828906836,164.21457044538002) (-257.7086009445231,158.94065043404942)
101 (12.506458445891706,-35.55567965253172) (-102.33556415333759,16.62679200062913)
102 (-99.34725735557387,-17.930514409640278) (-123.39351423862631,-73.5976203966309)
103 (82.2213893293335,-69.92156499358279) (200.56435356771993,-87.41696833076114)
104 (-103.2291474682923,132.72769105765866) (71.9729857367081,215.13423592468376)
105 (-42.041934589517716,-128.06436536887998) (-17.075192970350926,-17.75422273360971)
106 (52.622892561766484,-144.87783268480135) (196.1880770278416,-66.52932702483253)
107 (13.937701866099651,-143.8827217350567) (5.566687480964983,-31.61257622557224)
108 (-173.1008970564423,52.30668386392494) (-11.519765335292135,156.9760625132551)
109 (-119.34495569267234,-29.720680411548283) (-178.22318631190115,55.71811493237996)
110 (60.762159819430735,38.81820756620127) (69.51809086775623,-41.91910196043991)
111 (-26.750560794526965,-166.66698341328984) (-66.20948171535741,-52.81346610479953)
112 (194.74833796238642,109.5442744456393) (172.0683655534798,-66.70708218267475)
113 (25.24475849426248,-21.022828264298703) (34.13045675297697,133.36148411789193)
114 (13.666701608333138,-47.16787343384644) (177.4918362946002,-33.011656510657154)
115 (-123.97725002126582,52.55519200327426) (-122.4200369749323,-110.36394691182217)
116 (-141.9220546591325,-55.8249535929757) (-205.81021609357526,-213.28848588544574)
117 (-13.906558770701563,-105.31765186851182) (-0.3410139335440512,-44.18756121545311)
118 (54.46963893439429,-118.44088558608857) (8.680705358271553,-259.21326251999415)
119 (-1.8614757788067975,3.292436371192806) (-151.96695643644688,-126.17053855437673)
120 (67.82058043412076,208.88039477558087) (92.95657764669278,96.18573920164154)
121 (-2.6333852667752713,5.020228219724989) (156.68223704353932,-87.50311685567071)
122 (230.267148193133,204.82650729481173) (167.7754487596922,108.54941971978833)
123 (-147.09061503020197,36.87164284796918) (-200.8480566321669,145.93095828767727)
124 (224.98024560407544,-9.530883701656098) (168.2844315420374,-54.3778554391931)
125 (174.0955924935876,212.5736430087467) (231.76099939626195,213.7413288896426)
126 (-115.87947598216495,-116.22319445160669) (51.05494962861512,-157.01271098741086)
127 (21.752226473813867,67.72668614256752) (162.91970652106545,54.326545139330385)
128 (69.06142625636582,-130.0391420934221) (231.71525226719052,-74.2477585436217)
129 (-5.814052124125282,-1.4641760417837706) (-89.04050964781578,15.353128976172544)
130 (3.3452952099206597,-265.22768010423374) (-83.2985686348393,-178.31788920608483)
131 (-223.50101798143154,252.41764615231384) (-180.38298263561222,118.62146911331234)
132 (-6.5835068225489355,4.061284914524174) (-14.182302964871493,-179.91376262101664)
133 (186.07007251705002,-94.20129051256565) (62.37980048021369,-195.20213402938444)
134 (-120.6848502538498,107.5682054412248) (36.691115761651176,216.95952226329746)
135 (79.3489345185925,-44.97221299990284) (-15.553562150437259,-189.63316755747866)
136 (-22.75142986163402,11.165424314803582) (135.66644646176184,49.00654401798888)
137 (-132.41280934856306,97.02024461328048) (-212.3185092801815,153.55163841135396)
138 (76.18035837580592,-34.730133287316875) (-16.900161417054647,92.48602125435964)
139 (130.21934744988533,53.01104540301461) (181.74508211382124,-128.1022509054758)
140 (-13.912551856978324,68.90033334398996) (93.90018210368403,-36.9543440376395)
141 (6.853197661993021,-0.9917016651670735) (194.34036292580365,51.702990937966504)
142 (-85.01149070643228,-17.998525189081725) (33.29806808644605,-67.10490952431485)
143 (0.06160975245079236,8.407492685008465) (-59.97885233876281,-95.80040385670374)
144 (232.4140843908755,-68.40457337492381) (314.3477813111223,-98.68931812780465)
145 (-67.02104299539796,-59.82614361941048) (63.95201470322736,15.494722194601103)
146 (29.661857890303626,150.4307899085274) (-145.21978409488273,169.09142935652378)
147 (-2.845024130260553,-6.750415472139577) (-151.2771277736998,-9.249855599693202)
148 (-4.337463175108117,4.2456324240520145) (-113.37738285267524,-85.09351199470731)
149 (-124.20370916638683,-5.997360360314732) (-131.25917364183042,191.48298782442797)
150 (4.759305663538905,0.053086616226271734) (56.02809059673477,-139.6493514337856)
151 (-3.3378539659639364,-0.7859542115256662) (-100.86181360071622,105.3235561327034)
152 (-1.6391303166524027,-5.264196541728377) (-30.93032015027842,-172.1913632859095)
153 (-199.14271580802642,-215.87448126439926) (-121.33933420670287,-228.866618310468)
154 (45.45993730222852,53.18582975409727) (132.9057808888699,63.29244500077048)
155 (-138.35262244101108,82.10046803192384) (-129.18149836175527,162.44150966308382)
156 (-263.4988129368118,160.26089704345156) (-160.97678846797874,99.86731395791699)
157 (77.18523112188161,140.59414629082303) (46.70228628197698,59.93029391274071)
158 (-13.86186674025955,100.6584182811928) (12.074858113193233,274.8556546637265)
159 (-104.49941132884038,-173.970631260653) (-201.43725660514974,-50.362848050773735)
160 (-85.85484720842604,71.8640600984243) (22.348930648350986,62.96615742568079)
161 (40.71837208906575,108.9050684519985) (157.37016645566322,-1.859403617087338)
162 (128.5582999565495,-139.6076942437284) (67.4121091217103,-3.694008300341295)
163 (-87.93987832260098,10.949164193902442) (-25.59468214914387,14.170243382547211)
164 (-53.250454708700914,216.42120924005607) (-64.17453956271798,59.64541200907891)
165 (177.51884445997842,-75.9805542866736) (61.161063930254485,-6.723716569545942)
166 (-2.555604182519327,-127.83767404673236) (-92.72936548678206,-22.446147438375533)
167 (42.54516581329282,-153.62537024196016) (151.63431659465377,-71.34604781824291)
168 (8.35424774304276,1.7212681284928704) (29.421614348560666,-180.62685232025385)
169 (82.90893762959847,-169.0061175402515) (162.84637814925844,-305.133631481297)
170 (233.49628120083725,49.599302544999404) (258.6947776533248,176.0438974040137)
171 (-23.41057925329185,-192.8270032080875) (-42.61750188223793,-135.84410755700668)
172 (-4.455956290126485,1.3245435335062619) (-139.84215349024578,72.19822052570055)
173 (166.63119468575934,-45.97581431892837) (239.92157734278138,-213.88365923706172)
174 (-5.923137521246901,-5.398651193257715) (139.35330845782963,-112.82219948174175)
175 (-94.61767986959968,-211.25500672011734) (-36.25908891132128,-208.43268670500078)
176 (31.588301147681623,140.21482370763508) (178.52175091851558,132.01294532418692)
177 (110.67874842764643,-51.34919179791807) (178.34901098027467,-48.94102653426762)
178 (3.0742746208218223,-3.6744001350313242) (-126.17532560968516,102.62457856388889)
179 (-31.11702414839861,165.80236565507334) (-64.32058292296162,168.27956884999534)
180 (-84.22439072618201,12.432034886679435) (-114.80733484022045,-182.76944219528028)
181 (176.71894704968813,-36.176300737862434) (239.27018617202668,84.90598913220084)
182 (129.98462252839843,9.705372378941478) (-52.17028273705387,62.910965879085005)
183 (59.34921154766664,-12.28946949541417) (121.62110683006773,-139.4388935832054)
184 (6.824227720481608,-7.309413491044374) (-104.51659032840618,142.37699780036746)
185 (-11.423027127815345,-112.27298533140277) (-118.32613309032232,-230.4073549796969)
186 (134.9448209414665,181.83584402705188) (197.68762630483678,111.1948908657693)
187 (-13.99603522131899,-98.02226038230553) (-138.78050913980604,-54.11433664620814)
188 (180.65125016878272,-1.605174349467025) (124.20960932783015,128.10713130382297)
189 (2.7629044556360167,-0.9214907352288186) (133.894057473594,-143.9819629161924)
190 (-7.847496175349235,156.99994923643916) (-131.57076082198535,80.19248607289154)
191 (76.28143780551427,63.30642467017469) (192.94436533133842,-89.23575489737135)
192 (-129.94677498530518,153.28710881326361) (-198.9372922721579,102.28366129541178)
193 (60.92534576690562,-0.9453839854114241) (24.583779511375646,75.40931137414564)
194 (-96.3401771076325,-221.24726225762484) (76.64951316557706,-166.38345236916695)
195 (-2.3645628451366045,-7.651943980919508) (73.81127332348754,-31.10825242574364)
196 (25.618214434059382,-184.75729494744212) (83.58585558682566,-62.07131494978026)
197 (-4.17433955966298,-3.868177218723646) (-111.23381071340202,142.88548403422976)
198 (-14.073913004663854,-32.1022321085072) (170.92348201208995,-78.45351058736546)
199 (172.9061432422574,-48.60870370753908) (45.71747631438181,104.34030200531502)
200 (131.118247691404,66.397631784324) (-19.567049135816944,-39.156010019770804)
