loadNumber pickup dropoff
1 (-81.31601096717336,146.1861590972063) (-137.08683395394672,47.813098996155006)
2 (-161.65593927317377,-65.67481432724838) (-135.3054793021323,42.51074152812761)
3 (34.030733960074095,22.813564486590252) (-28.166184315126266,124.46635733053157)
4 (-27.122557871110608,5.57398329054593) (-134.03552084887804,98.2264887616846)
5 (-5.437650426430196,46.79372987343775) (34.95686297226499,-77.86531858519476)
6 (6.64684318326844,-8.215837772449849) (47.06077253728739,-75.77651162214984)
7 (7.947782519863576,57.53281815657398) (72.85061324379059,154.72729058580632)
8 (-29.411934901224285,-14.405779754769657) (-53.20887905801817,56.922631147573895)
9 (-23.67892086307106,10.490976225547048) (73.97028808526528,92.56805224709231)
10 (28.427595047382827,16.086272680733455) (37.22145150891079,22.833720292576086)
11 (-53.521844771829045,111.76250350335121) (-4.266456358011297,-10.263698324989292)
12 (-104.13814546660379,110.95647122215667) (24.853430392037723,87.80839055356756)
13 (-101.03592019871066,-59.86956140977945) (-31.701550479119817,35.392703213667076)
14 (39.00428360616091,-92.45328076905281) (26.997649856728295,-132.64552240330664)
15 (68.78783302263435,127.11752978564661) (93.32483490824492,160.0383144019139)
16 (-43.54831105503018,61.11965937124444) (26.69374105127639,-36.65548729581418)
17 (95.92443619845744,90.79264282789967) (174.1652919838095,64.43364511073474)
18 (0.3733966954629498,-46.000094041511225) (-23.0924912602957,35.66699028679191)
19 (-115.00598835004995,53.67261288424668) (-233.24429348102228,109.4318182269084)
20 (15.103012463808582,-45.888856464110056) (-26.647968373193443,-92.83678034841543)
21 (-36.49543514575599,-11.883114610363009) (-123.49531987697782,32.373497970898875)
22 (5.109746551695388,-31.216968034801972) (3.051681290306313,78.42354568742616)
23 (-27.632748097862198,128.31341904955815) (-52.52523374144805,272.2254869781392)
24 (-8.675963607480284,8.151177480809197) (-57.83382035220122,99.55558803630026)
25 (3.5022419543396253,-34.57694280222059) (-88.54937458364965,25.85952848101993)
26 (53.76267341564356,-15.893539578936196) (148.44716794772438,10.026180021137506)
27 (70.89705389277827,7.070590866225775) (27.054156638754968,-3.0759576558165573)
28 (81.19141305003629,155.04181003883232) (126.3090651445244,101.36116652182056)
29 (-24.13704706320422,-26.55454584330817) (5.316921848486409,-148.92647451523388)
30 (64.88465586579972,-50.25327147805574) (116.16174099626863,8.868280911129723)
31 (38.702555306133334,16.032734951501247) (86.65333289598695,85.64438763902919)
32 (-42.949230881609154,10.993872962722484) (15.23536981238447,-77.18093104537445)
33 (78.75090546139475,-10.672320353210564) (144.99858161315743,2.790136577200233)
34 (-22.48534024601346,-54.73178494483901) (59.07636104254817,16.89585850986456)
35 (-94.76345280184978,160.87928038481456) (48.9192196566714,118.83787028703952)
36 (-135.80741563034036,46.75578652338268) (-130.71605563125013,-60.4192044299749)
37 (96.42576650357529,-8.706215555832301) (182.29895786648916,-66.70317702613215)
38 (70.97120327287789,-36.980658893213324) (87.68640437907145,-16.218462011421735)
39 (-34.97393945029769,27.890414664034267) (-88.41609876818922,54.51577841854511)
40 (-82.87095783628223,-99.8981374734183) (-202.602378423272,-11.150703916585172)
41 (-24.203361902107265,-72.21937581149804) (77.59345466556525,3.9668554144132315)
42 (36.621262048178856,3.4705057019894223) (-8.086192733276107,-60.48192619246679)
43 (-14.4100466784308,-34.253009604664555) (-9.132796605732942,90.14715553395197)
44 (-137.85092483312653,59.485495310871144) (-78.66931518206438,66.99752183958515)
45 (-52.75132488921954,-119.83830722289017) (45.557929244963,-33.19526545306243)
46 (25.83169085914816,6.206107409808504) (-66.26782145573583,94.59834676465258)
47 (-130.39866131118544,123.98985910625565) (-192.16722959108094,229.48029985668137)
48 (-43.81836328265532,75.08582401954989) (-29.747105920518013,198.76087301759077)
49 (31.257517457717924,-54.2091441883714) (5.9943606927046424,-72.80420112511587)
50 (-46.66715002427193,32.748486349699164) (-85.83711174510529,15.052908908977223)
51 (-10.467466797168054,40.310500704786214) (-39.98438114676998,65.93318723416006)
52 (87.84379730325327,123.92359020783186) (-37.676700699034,148.96576352144297)
53 (18.697868509622392,-25.834324850508473) (-36.58648106821063,-4.099194453735446)
54 (120.51317608400839,-58.022851276397375) (66.64987856670135,-154.21159719334355)
55 (-12.312584650991361,-20.895377716498032) (31.62620919325755,-49.90025226282366)
56 (-35.106454203663304,23.978417034333667) (-181.60195174958716,29.307708117335977)
57 (-27.589521353365235,11.635174141967736) (32.74902705139377,96.59511474714809)
58 (29.52712759853298,67.83020405494777) (-21.362595039987237,-42.35842738500003)
59 (-30.39411596234604,116.077527136082) (-32.96383554547556,77.70040526292763)
60 (-41.441561873317525,-5.782673767196254) (-115.61689842335849,82.4183566222439)
61 (210.78415633952764,-57.30415859168416) (159.22468503259415,22.470490561295946)
62 (-95.94416499754773,62.45195200816728) (-75.53914173045456,-65.91807888383057)
63 (22.64274816425671,16.791129784207158) (-14.347929107545596,102.99685602133823)
64 (-15.590452120069166,-18.514223172397674) (43.762436278558525,-104.7684055206556)
65 (78.55081088594946,-0.3367667336139988) (69.41212289960984,126.42287758915283)
66 (-74.35177055676338,-156.47017999560202) (-35.65533821764396,-13.928749968757472)
67 (-21.95245976006218,-71.33883466765704) (30.66013462196339,-45.884935840371526)
68 (75.6084215652351,75.44538445650527) (-56.96542791821368,79.99399171332571)
69 (127.42485319774416,-22.4672312363791) (8.056143444004718,52.689685332773074)
70 (37.41108062791912,17.600797310284744) (-22.661103382757574,118.44600687977116)
71 (57.5743891475384,89.29757436003572) (61.56835984163266,111.68320596097166)
72 (25.86428417767513,-77.43428053857615) (165.6057282741133,-62.0183198518472)
73 (105.62925291424244,-62.589529465337435) (66.70209958542587,80.39427717768076)
74 (37.51764814578474,-25.137992342471566) (65.03957152551234,-45.37264199256364)
75 (-216.85454831383868,201.2024835758317) (-194.4566962417722,116.34010835744995)
76 (-0.5960046695583384,22.103943882122117) (-91.38387637151168,-17.854534852911435)
77 (-120.29444221409338,-115.55838901328845) (-51.35090941390824,1.8921350300223594)
78 (-64.01679699675634,-20.22251083776208) (-52.57133223160976,-58.71659729345714)
79 (-80.15329585832806,-19.398814928782482) (-80.71470301220735,-70.07525519271599)
80 (4.0401548019956905,13.622061641560983) (151.05558664963368,36.26745816746249)
81 (84.43721884374287,-47.5978634039899) (144.97240830269882,41.92256298898122)
82 (156.80719336336026,14.260547062230543) (121.35442148926323,68.6466346071881)
83 (-3.9775617554260236,-38.82209605483727) (-39.741314893022675,-8.341494875301557)
84 (-29.145751431721344,124.95367481150555) (51.86385768204119,221.319236611012)
85 (-18.6634594006555,-99.39511630330534) (18.30136602265299,-212.87143269704427)
86 (167.02579703397618,78.30703017642588) (193.23316588422355,174.89685535327766)
87 (86.90484282398867,-6.654229069666019) (121.26336821707011,-16.462871843531854)
88 (-7.3439276065423345,1.240635433621135) (-135.89941309119016,37.27612523979056)
89 (-38.51692763050802,-31.75103017823423) (76.77772438639509,-77.2974071525472)
90 (-14.557463831688192,36.63481107808099) (87.96846602136098,128.12985735764434)
91 (98.06947421590337,-11.874361924067788) (99.58155479296678,-82.52253501076316)
92 (119.44590276495337,-102.29618882294173) (176.4669488795997,-207.42198069064256)
93 (21.411856924213854,-15.995822909793658) (-82.20610514602606,-37.058873542891575)
94 (22.870714306568285,39.517898639735456) (61.596745704707686,92.48649405719459)
95 (24.509800146695984,-93.22829190076706) (-75.97247181575106,-198.17439202118413)
96 (4.562594124538613,45.68459429817587) (16.03609446011792,-1.0528621286709239)
97 (-0.17821835402927722,-109.62865887049244) (-100.18766393909503,-173.9923730589089)
98 (-69.09374371924916,-38.65003022808256) (-37.27055544873984,-130.94167467520413)
99 (15.015751583099277,-33.42515148699377) (102.90464291647793,-82.40603567889147)
100 (-60.122321884138515,-112.05328915841336) (20.28047372867252,-193.59903689830148)
101 (21.210727595108253,136.1319331652877) (-3.750929337810046,183.5697875589311)
102 (147.29628567181808,-89.80388613229455) (-2.558652365157343,-90.29842859905183)
103 (145.07150493485892,-7.093055683552137) (57.814944605022475,74.02383209888289)
104 (-122.62057683731071,6.200384670062342) (-186.55974138378468,-73.07751754995985)
105 (-157.30423927859826,165.5018123278543) (-242.29819624027388,120.98997869577641)
106 (43.93848770621683,-210.2665089242911) (127.56809367877162,-100.07554450663206)
107 (32.394411817608656,-8.19925019732701) (45.2924087985716,-39.04335378142346)
108 (-63.85005500960864,-109.99859487792705) (-142.35829740212836,-142.4610600706249)
109 (10.365079943556271,-60.06548512008731) (-44.93553961564976,-87.00392664261817)
110 (-42.05894129930217,-14.913606002401206) (-92.7557235652072,-25.856281637218576)
111 (19.855494980554788,-22.61497781808095) (-32.97639183778351,81.65225252263531)
112 (-32.06498460257369,-38.04409541064398) (-148.48340377138965,-125.66494804425585)
113 (-43.60250706644058,-11.621724050466845) (-3.4533975279227107,-26.262552821473093)
114 (54.762578593638516,38.1053132920246) (114.86235087093554,-71.43103565955028)
115 (33.27831480181397,112.37117468699834) (-76.36342327663922,140.0697902303038)
116 (-93.67214941718572,51.625314925922936) (-202.05632087316778,-22.238844783255203)
117 (6.675053857348449,-3.690487305469242) (95.56382562156371,-113.90654034983525)
118 (-24.62907430802446,-3.1269999117726646) (-59.997103491257775,-75.5193324283415)
119 (16.995387011739144,89.34727893533866) (-120.8733924688661,58.39208798537794)
120 (-5.987420553139974,-10.14533206496537) (-91.68924647462397,-122.39276400298283)
121 (96.98857550640415,85.4960151249856) (19.84191670148404,106.69737171661075)
122 (-24.859576965288007,-115.5930018919957) (-126.00343465166415,-30.77771251781047)
123 (-18.17235389599887,-0.12163973834819433) (88.070548471398,-51.0882600110786)
124 (-78.80819690804033,-161.47146302049754) (-117.1724337854753,-37.204914645464044)
125 (-71.63949121145848,-72.19165490501994) (0.5998063638755724,-48.243836075319635)
126 (78.53972526462039,-90.70305083793185) (180.5314539049461,-177.6961899965455)
127 (-31.91251900267039,-23.41375264290325) (105.16136868552684,-22.806738081260104)
128 (22.971449330231923,29.923002601574296) (-23.47258395366733,170.21353531360853)
129 (82.39867869381531,-128.88119702436757) (-56.55885443300592,-108.8030797549114)
130 (152.18888073577224,108.6165558164276) (115.16782494398362,101.00367086501015)
131 (-8.748083931257458,7.77963050996437) (-97.01150518808925,12.249312738114037)
132 (-16.77259864407085,35.971312933120245) (26.78308155450132,63.14509378313987)
133 (-171.8858898462879,119.83745669264884) (-151.63468560709947,-24.32097506403248)
134 (-97.1045264024682,-80.19354655091895) (-29.302687170587618,-204.1565412327363)
135 (-64.61407004424862,-10.242625199351359) (-0.9288737815422365,86.74658296129948)
136 (125.59803956993125,-62.48363371336103) (50.28429726228413,-49.179786467025515)
137 (23.17472485736014,123.11012728802541) (-36.69817878634337,147.20198969891342)
138 (-2.7456010578510517,-10.958598922335721) (-21.271126122948296,-80.09273807938477)
139 (-38.89346277814013,112.83467823438045) (-160.9278688189337,143.15777286099086)
140 (27.645600563930834,-25.34014543596229) (158.01412081372987,19.69318075995656)
141 (-41.730934133323935,67.9705049160764) (-34.92185471789927,13.123405961224769)
142 (-9.21955989750397,-46.08057933682784) (-77.66549507120837,26.693852091288164)
143 (68.4068037812965,136.4888399659244) (13.231372853538232,181.8846984295451)
144 (-109.95483784924886,7.5928374726754875) (-147.37139283307926,129.18960201397684)
145 (-19.428825797472957,34.09281116927289) (-146.37371732236593,3.6408323870873076)
146 (-57.29096033401649,181.1623957120779) (89.76390061560315,155.46517911041272)
147 (2.8730637535779735,223.58051427174195) (72.99634048441527,95.24049641798092)
148 (-38.37977718185418,13.473533905129948) (-14.857934929465959,-5.897604594306781)
149 (67.66378666985898,-56.323553343949406) (160.7336854145804,-19.39471581633098)
150 (-83.26810974117696,13.403434659353827) (-41.88623143681111,-107.4065452946468)
151 (-109.06026692471612,10.418017581792643) (-56.40996420273642,-79.44711212943683)
152 (-12.607702027343006,-134.78513116238975) (75.76868334233687,-169.84697412440795)
153 (92.88512621681532,-23.101956993859577) (173.95149000634265,87.87798693113596)
154 (42.22009164680085,-44.35924672930029) (-61.52329939837911,-145.89142806790335)
155 (-19.102570403679316,-65.54741281164019) (-104.03276970073534,-124.83683828085958)
156 (-203.99796627916334,28.438109054038804) (-238.32201519787378,0.058621307027962644)
157 (19.097030071976377,-81.2247480957484) (82.54156467859531,28.392819374607072)
158 (55.14404909841346,-110.05024716292829) (34.97069658356733,-19.281210820842176)
159 (118.83348207541007,24.448618361708863) (174.85624002609285,23.489960066449253)
160 (3.057678304711622,-8.31025913693063) (96.61751979546719,-17.38274867815639)
161 (6.25498746745027,84.86653501389794) (-132.65529970670192,111.59007832614321)
162 (92.96924590181276,-61.11259571654858) (-39.42458964423015,-96.35715933799972)
163 (34.244550926564706,67.44154724644183) (55.02589309859394,2.716060495241848)
164 (13.987587519940416,74.90797430104031) (-42.89210169681756,205.14557535264674)
165 (-146.00857587448388,-26.079327004698502) (-280.35693899331966,-71.09447958190162)
166 (-100.92358270153035,-73.736620736672) (-50.17305988805942,-141.5816507552443)
167 (8.406239343148659,206.37428960985636) (19.198732468492775,89.83130284086545)
168 (50.41870069047263,2.693586709058451) (60.63258512839519,-31.161480937872717)
169 (68.71724451817101,-10.21086789680573) (59.95769348931387,-70.92167458353845)
170 (-24.204144533454873,-33.63221215281446) (124.37816263583193,-41.61414087487395)
171 (-40.14443911695424,20.393422599137413) (-13.282927931852868,62.75572435449598)
172 (50.30128688827818,37.49782863318468) (69.02759142181073,-60.3280427282012)
173 (121.90902948996083,81.3820974370955) (31.9148059895642,54.36405657235623)
174 (-108.82752884464728,5.102235453557643) (-117.38781184934179,12.636089437273437)
175 (53.80209666875757,190.6368269656534) (34.1579151853898,148.89778609972714)
176 (-34.95600490302493,32.96609587893822) (16.035080165705985,144.33292245413622)
177 (-102.9543424630185,-28.312639224529697) (-47.64461646253959,-45.53713310741328)
178 (-46.94029865730001,-2.3127414496796104) (17.939673397381036,-29.016696014681166)
179 (51.07942730323607,-69.61258451527962) (81.48119486049134,32.33696574085168)
180 (16.17303632877507,58.594720767081334) (-51.415963235742154,165.67894039351359)
181 (-59.2614738720634,-93.03410129931396) (-134.23178662104078,-4.2575346149913)
182 (-45.517547889308965,-11.16289955816002) (-111.78538589715544,-96.202849842472)
183 (-22.014699935972747,195.0784562326049) (-4.479098547484181,270.4722342064157)
184 (145.61508499920322,73.29390752905189) (111.45633296742345,67.58178582476577)
185 (-216.2559911409995,-56.31682813338591) (-132.67573495724378,-17.08554813467932)
186 (-29.93569809795853,-0.9346497188683351) (23.28684652933478,-128.74039896587797)
187 (15.090640756808858,-32.977515953585275) (-92.90661943798744,-20.559060966962278)
188 (-27.29855963356659,0.9962500435155648) (-51.824773196315064,137.97915365467446)
189 (47.34816705535316,-4.764217159730456) (50.545880940485084,59.17573338516177)
190 (73.07419717843764,37.027808757222914) (39.08882594196426,-61.00027581978951)
191 (20.419949771173513,60.94008080521316) (121.43896613689608,-8.401330041264586)
192 (-142.17241745517097,-106.33543216003328) (-228.13595682002978,-41.14019242243529)
193 (38.449703380353355,-26.503084842931727) (97.6980509794094,-40.788044008911534)
194 (-33.454970622140785,14.620944732646237) (-66.55609861913483,-54.41010315207485)
195 (-178.61831595328962,52.45580575436413) (-234.54463986258185,78.56090655418156)
196 (-104.59304749709925,-192.79488315216418) (-9.774547326194451,-128.29868751767583)
197 (-25.789847348206443,-70.77291733625302) (30.428324645486143,1.4905134331533532)
198 (124.15156348002104,37.005505278117965) (104.51308893582708,-86.09801475706837)
199 (22.74398144811202,19.816304787555325) (36.047263208583715,152.2657142510776)
200 (-38.536132633627005,-32.483451937472026) (-54.44245100558125,-126.5002663731512)
