loadNumber pickup dropoff
1 (-16.355194630600245,32.67035193901588) (-107.81529325169322,12.097845490552562)
2 (1.3844808583378962,-25.6425143402189) (0.16962315611030632,-81.85380114982915)
3 (28.12521421574807,-27.86272398596845) (-46.45170661113879,-26.345200252368976)
4 (-31.243335414144692,22.801230862818137) (23.927213871428965,105.84138958966463)
5 (2.541567692153271,46.82436104333698) (-32.15605250035433,74.60719226804665)
6 (15.265413436636608,-28.8007800759277) (82.4736494877011,2.36470628247384)
7 (-15.594913108673124,-25.086623101217995) (-55.79256509538293,-24.015794139160153)
8 (4.111243692223122,-9.331569482156647) (44.35591128162025,-36.28172425917338)
9 (-25.429771191699675,35.96956507115253) (41.42756687647203,-29.80756991202965)
10 (16.3985421243478,32.856649258124115) (78.7658843853443,89.96784599466469)
11 (-39.63402005165884,-10.359608056288218) (-22.71392447314255,65.16028969453852)
12 (31.82723256558038,30.072760822636692) (76.02978646670782,-12.244106411491753)
13 (25.291106518367606,-32.009089995417895) (118.56484408574084,-46.909429307360014)
14 (-43.238335651216424,-24.508411955762114) (-31.680416853959926,-118.22032704117338)
15 (27.121555830287022,-1.2883754889915127) (-42.6257416197065,70.22596932449831)
16 (35.184947476116214,-30.47948306234334) (34.70331973411044,11.453603271638059)
17 (-25.528229179842576,-27.78318410230705) (-0.7617640881780225,64.19982506142533)
18 (32.17526821846058,-20.262971699303836) (72.41456607297124,45.64500744662594)
19 (-24.810951756007274,12.467967092496592) (46.86736019886935,2.657525280195175)
20 (-27.710499181186687,-29.61591813929334) (52.80377657457042,-4.389147642730467)
21 (7.98362532156545,-12.47195990990894) (28.57723286330132,-108.71557533792807)
22 (21.328313615642084,29.149291617559488) (-12.598292631478149,73.09303834062067)
23 (-14.142021644762712,10.344544388434146) (53.705280813758655,55.29355339652579)
24 (-31.91422322266388,34.974725730040966) (-37.582092578620966,79.78827604439965)
25 (10.94168625674059,-30.18957531439493) (-33.694629306303355,-76.0655042468075)
26 (-10.017833929734676,-8.579081940255822) (-43.17873634275091,48.4062617483027)
27 (-16.584875949628625,-34.726608451923184) (-82.34969906264828,-74.29264380276354)
28 (-4.77131477132253,-32.693526807856536) (31.57965942052443,-104.05104805194648)
29 (7.659886934817378,12.57410983769148) (95.30652847385065,37.45765871300367)
30 (24.472249721018525,20.799749779243456) (84.29501623976732,-25.671432017465115)
31 (-8.776624197674746,-22.700104020205305) (-55.259929308083,24.28291249344687)
32 (22.784815792537568,-40.93100266042274) (-52.27789678130492,19.99928795044633)
33 (-7.42739698845419,35.82339854390642) (70.55068911102616,-19.958637436198458)
34 (-16.794258143740073,8.523998264683822) (-76.07535847256014,-35.96222047085426)
35 (-10.064380068462619,13.491397783574612) (-61.69980313426771,-12.13033774263572)
36 (-31.18418833876745,-2.362170279356343) (-79.89491791166495,4.507847705758332)
37 (6.511305348243038,-34.64461326290647) (40.97225419413765,-17.270668656316154)
38 (12.236042409385858,-4.550342897600362) (9.926112311939718,-46.78518765004115)
39 (45.24336285764029,9.380177498725653) (72.573885951802,-22.827494970018044)
40 (42.562943521974645,0.44403345761597734) (-52.66395041898177,22.51437054603102)
41 (47.587152950624315,-2.390664563753933) (118.8114079447795,46.22204297037672)
42 (10.833024098395297,28.379405157088) (-14.070591761607071,75.25480324370164)
43 (22.504962434968782,6.931249158768915) (-44.40842044101908,21.609823271884174)
44 (17.698373151384967,-28.9788842621686) (94.50164227623402,3.5602163303227954)
45 (-17.614973462552815,-35.10477788757005) (-63.82143268422321,3.1808700199377853)
46 (-30.950419293571617,-12.537097986867115) (-10.013846765060926,-40.47375174988865)
47 (41.70991740475229,23.767885805492845) (9.740765473170491,112.41509878693873)
48 (-3.432639215014012,19.513520101037813) (47.547467895742095,-7.61436749669242)
49 (-29.81136277841733,-13.438538570269213) (-73.09347645278264,52.485563716766876)
50 (27.94510408227287,16.163307181806303) (-41.30135647682658,-51.1333981250616)
51 (8.913373338208856,47.64805946659342) (-53.19152285620479,-3.7787425534700034)
52 (45.63391444429073,0.16376959425284518) (15.694486564011768,-23.657806575330824)
53 (13.465018159414866,36.927771601752916) (-67.9031736368984,76.68075627813076)
54 (-10.104908581382613,29.00795556591797) (-0.6739576188375445,108.48946884871506)
55 (34.46424298011402,-6.870292695382169) (52.10655634796986,-29.217513569205707)
56 (25.97689672975112,-33.632227261932734) (65.39638424112837,36.67625035328651)
57 (-21.863507910063735,42.46114572715095) (9.653127512620582,-19.269442350264534)
58 (-28.169729381866535,23.44000426595379) (-25.308626138265115,-58.38453275601748)
59 (-26.537865137715826,-20.67349977052064) (-31.761868659706973,31.334459538231297)
60 (-22.60304040795751,33.794227933687395) (47.954751983091995,75.52998880421964)
61 (-12.814895319197303,-15.4289563894949) (-35.78565693329557,-111.74170452684878)
62 (22.01726129548309,-16.7779053975399) (66.39081970674548,5.058537112997403)
63 (27.695763853984044,30.397611685472768) (21.574168891518124,50.23959814019756)
64 (38.12344846740793,-26.25853644341127) (63.22582592012276,-68.75622467776775)
65 (-19.833206811637353,-2.5362903450310097) (-40.149949614495554,9.363235201870642)
66 (11.071751039864722,-9.86360254602743) (-60.84353058586021,-55.20465382596036)
67 (26.363204809373393,40.47165687210164) (89.86485741363208,108.73419202808947)
68 (-33.94597968854318,-30.461256975965387) (-118.19651992679042,19.46356892998534)
69 (-22.1637104706119,23.790692913094528) (-11.233203656019215,47.641345974200576)
70 (21.17788028216012,-29.0721721866886) (-24.007845732122437,8.589113991128226)
71 (-4.3139074137494005,-13.594392027752052) (39.73633230480757,-52.18983582113615)
72 (-40.582837549295796,28.147162120964246) (-99.22203331401579,95.41648689530246)
73 (25.071764627859572,34.961868788974584) (93.78998003411766,98.31533126355559)
74 (10.56765856807147,-47.288394194204855) (80.06120709312987,15.802500148549797)
75 (-3.4060307807718435,46.69893663722151) (-96.43906435702944,57.56980595724261)
76 (32.28122002584206,-8.03449462860736) (27.27952059356992,-83.74737580395127)
77 (-11.817480590662583,-44.1780826199994) (-0.18484166001782398,-39.75258011993469)
78 (0.6795006375743974,44.373754920913406) (72.39358116667891,33.39280155861482)
79 (20.69763426988219,7.125079385394003) (-1.8135422907236212,-62.05643049294838)
80 (-2.7815151823170465,22.127931095902444) (-39.83828768458299,9.911349723867913)
81 (-37.7932527250256,-10.415733063628847) (37.123719882288235,36.41397593363445)
82 (-8.177718554718846,-0.010005771031440356) (40.99682815150215,-6.4170247827603974)
83 (-36.62302683213315,26.558067196950926) (-21.990235646218853,-52.620453465058645)
84 (-16.08313487770314,34.154575975381555) (21.345084114988634,32.83205240061282)
85 (7.048961363965512,6.632924444516047) (-82.61309499274788,43.9645989270717)
86 (47.08207999253971,-1.4950006252478856) (22.530821115192936,-95.75830615290208)
87 (15.93850103555987,-46.45038226113584) (34.92837854052382,3.5782364090247185)
88 (46.17262125516187,-6.7316481755482505) (69.9598223196857,61.66250885762478)
89 (-2.8658641788374823,43.523131257579294) (-14.134386306319625,-45.4152439037704)
90 (-6.434958605476184,-1.899619109687701) (-78.0235844570789,-41.63918519482733)
91 (16.054308729238148,24.01719962517956) (75.53190922702153,-3.5260718441955525)
92 (30.042468150079017,4.015927260960197) (12.105409701277054,-43.67168942922399)
93 (16.461340612106188,-27.592989459500536) (20.68471859210842,17.234683538814615)
94 (-1.7231396572022417,-21.207251280437298) (-45.76966287145817,39.09922920140445)
95 (28.547850941034437,-1.252366764663505) (31.18667350658724,-65.88569346058136)
96 (-29.98643484649216,-20.346247714117833) (-76.44235572166485,-84.18504797100279)
97 (-43.65271973713484,-19.827910312012396) (-5.857550025468996,-47.5390656688131)
98 (35.84565370604123,-5.3757718201999705) (-46.06628809446218,-23.98504113656029)
99 (0.3667653611728587,-2.474882889150987) (-72.54455806640959,-45.89175255436306)
100 (23.265277397307646,-19.691652355423777) (66.10891595822768,-43.65115605991759)
101 (13.462709521045834,20.013261802233544) (3.703154452546075,76.78089682793447)
102 (-17.778868106086886,-39.96217315330586) (-96.91652067846863,-81.51017424776038)
103 (-24.580424075206913,23.04667417770245) (-89.33059252446793,20.09947462645504)
104 (11.702657323529639,-1.6116048426454872) (-32.706351654415315,-26.401701976657748)
105 (30.582685432836076,-32.52377509433196) (44.79932499782938,-38.49283729356262)
106 (4.429718872968966,40.71122960213925) (-47.976328794860336,-35.68586259025569)
107 (-15.23874898508597,-20.230231612405046) (-100.63895748965962,1.8443054232594775)
108 (-18.278606547691588,46.4649809249033) (-111.29311544369722,57.963657879957786)
109 (8.528122194984606,-4.436752928163783) (-41.9370293142528,48.263518916470645)
110 (34.95091158436987,32.15127333410652) (-4.394492715361828,100.98318616338959)
111 (-38.61025107261988,-18.25064645281012) (-46.095370888040335,-57.639999536922076)
112 (-12.63140895124648,32.40060953772672) (0.058848803979579145,56.27172463929075)
113 (6.474298068027523,44.64264065476785) (-6.828139966971823,-46.95246052719052)
114 (1.725504714780388,27.022243039612338) (49.668475441827724,60.091473918723054)
115 (6.335005074817113,-26.291884031830048) (-24.132203755195953,10.654942949178643)
116 (34.504001402048175,25.592065287353734) (-15.093303028247306,-30.315192350625786)
117 (46.93955914296312,-4.11493197171564) (81.91109574608839,27.32079919882178)
118 (5.983473379357597,39.38177182747629) (-23.749242233683137,84.59450948258316)
119 (27.955314147453496,34.01824921341594) (-6.626525887871953,-51.8189551133906)
120 (9.288129281622107,-23.752375858029446) (43.15705341404645,-41.03436180755793)
121 (29.480903230264136,10.347731499452419) (-64.57397802892997,-3.684974605786689)
122 (-22.13932601434384,-3.4112614893067428) (-3.554316013566069,-98.60052936936997)
123 (18.399464932773796,-40.76136401036378) (-2.873157253984811,-43.602637725607735)
124 (-39.5859506794483,10.060222029260851) (-5.902826328232798,47.991287102088606)
125 (25.74126326566646,13.685174129050866) (49.61795170514961,-27.551652421621874)
126 (-28.778078351446,-3.426010260382914) (9.415112224451114,69.35945676765013)
127 (-37.104959153423955,3.3004662494454338) (-22.93015992088532,-32.05904783270912)
128 (18.75181199762862,-21.268376897820197) (72.04821718759156,-17.890763913853505)
129 (0.6873953938568595,-4.8986019242717225) (-40.439088084482385,-89.81386171975717)
130 (22.6521728691584,-42.179041859006354) (35.3558355811908,-38.33594335238073)
131 (-4.532653115980355,-25.591378161790626) (-4.6694055808699915,-119.17122481740698)
132 (-13.369725274648504,17.399050026258443) (31.501706298347898,9.001242894630623)
133 (-17.581506292556533,17.060421454261046) (-41.54570285093705,22.478319584501758)
134 (29.891314315271856,-10.900947833291932) (76.94398221952832,41.99174404302227)
135 (-42.4785147070201,-18.90712822766828) (13.95414339015062,-73.38858771179238)
136 (-31.74888952262325,32.42189874503544) (-26.13471016107672,67.52160337704275)
137 (23.963824334635326,34.808438864133265) (28.4432915109712,116.61667366843939)
138 (-30.981076003399945,-29.322058572036877) (-7.629806619033694,-26.243546901129797)
139 (2.20994913789003,33.66383813651009) (-44.52997310852601,47.83686683483532)
140 (-40.1639127263396,24.928620902721008) (-85.85667533288976,45.88237786525939)
141 (25.532803742417805,-29.00330867266574) (67.07035826382673,7.661376216707275)
142 (-25.457487647295583,27.379186160738982) (-26.518214899143867,115.28696750770442)
143 (-36.04813516140632,-21.75265721377169) (40.98741290597653,-46.17589319015853)
144 (-1.7537016727261816,-0.32143813691644907) (-44.15695083998164,76.48040195091019)
145 (-42.02855625687287,10.652046593755886) (13.29398899518253,69.46566505889734)
146 (8.763849893256127,-2.6613421061209253) (-67.65828613740032,55.70825571375882)
147 (-44.80535694318471,5.63212787509366) (3.9706254817646425,-18.890027740339626)
148 (29.74661632230928,-33.26250408206019) (6.01775695206323,39.19225802769836)
149 (-15.697445180879479,25.994606723170495) (-50.9608454799255,-57.74758009117491)
150 (-1.9166210868557492,47.66654950163184) (-5.138693239660877,-37.481032557714535)
151 (-13.508976756568947,-22.563801985239564) (-24.363673036638254,-121.87244946696163)
152 (-0.8144059248209476,-6.788819975734664) (-64.29209251869445,45.512826219599674)
153 (5.902909713498855,-1.3371813218218191) (-30.22746991756104,-77.01871067094497)
154 (-7.039530266967721,-43.796224430339066) (6.406702133967198,-3.3884445916245767)
155 (37.04662052949981,28.790312794499016) (-59.23070975641581,6.1949619235152795)
156 (3.2309434093133715,-27.067965545279097) (-67.74696485275213,-53.3195359805992)
157 (12.498138311212628,-32.7888255421023) (31.800042138665162,-0.39946097878339515)
158 (-0.7094945357838564,18.569049574438043) (89.28828587461547,-11.244816714139635)
159 (17.582499567986464,-41.790188594984194) (-45.31823748867065,-11.284583680552338)
160 (3.432516085653907,-35.665713567786874) (71.58508607196705,-14.800519661787398)
161 (25.67713529168245,1.137419239005192) (50.35074267890306,20.429778143017714)
162 (-3.748683921198318,12.077267702570772) (-54.70605019940871,4.828327787856125)
163 (49.253602565273134,-8.33037813741387) (12.989253549311115,-45.41250808353679)
164 (33.91093127079795,-16.377240656943158) (4.958347263008285,37.06358444809285)
165 (-19.21485087663881,19.062373707463838) (-90.6201458906502,-31.487989783994873)
166 (-40.799718584335814,12.908952791637883) (-56.45960231868903,19.531991399793473)
167 (-31.985027141632877,-11.412096964309269) (24.73641899740533,18.182736878251752)
168 (-24.459316271196432,23.612715100897983) (2.8883374133215334,52.28203077095468)
169 (3.130054262643785,43.63658533742256) (-69.67880751433566,99.66111444000762)
170 (-32.336816378780966,13.14394585832428) (35.40254285101692,-18.70786838572594)
171 (27.857225841113017,-3.8934510354942184) (-8.582239425487028,48.71937991902352)
172 (33.10471566547484,28.1149962031568) (64.62680832168122,-22.912407092580445)
173 (30.054900402231773,5.388402382622637) (-30.626328498149213,27.52361436771879)
174 (-34.541642433736556,14.578635776862184) (-60.686878955406264,90.21383443533294)
175 (31.202935781113734,0.23485620107594196) (-62.90792360552845,15.329997017446024)
176 (8.924144135122967,-16.01842806573802) (26.254816996643683,15.755024197880068)
177 (27.69561552308904,25.4525914734539) (67.31104270174623,-57.6948289323526)
178 (-11.649467431000915,26.193649397899637) (-19.149722847513228,115.96246027696564)
179 (-2.610710714629368,-20.189704516253705) (73.19966365801173,38.49393768529409)
180 (-7.350933316535497,-43.8103280355957) (-80.23227411001216,-62.60621369783024)
181 (-28.937788881631658,-22.7858165966559) (1.9065754714370868,-4.6821430113260085)
182 (39.83308345679572,21.18283557704286) (108.56573184866163,29.534424384526233)
183 (32.9533055204116,-19.25272646579087) (5.996206025592077,-54.132660937046936)
184 (1.9447743020839752,-18.167045354759665) (57.52784214048829,-21.683931708623284)
185 (13.168087570566533,-15.71481832964134) (58.60627734267231,-21.562769229120505)
186 (-37.69387011439574,25.059173821187677) (14.316743887625151,73.70861454063005)
187 (6.533617775476199,-29.31300027531745) (-58.61907006918861,-97.23343522165482)
188 (21.804991957600688,-33.16245783524711) (82.11878917453583,-52.87842929486794)
189 (-9.522307096675197,-24.770906120294764) (-77.45392018241476,-93.89786069081832)
190 (-0.30979564069717114,31.733903038000662) (-1.6826256987012296,-23.0498319814535)
191 (5.181800145008134,6.486748060555843) (91.24546629538212,46.90032752906693)
192 (11.177875069987442,3.3422766018763745) (37.57616161357551,11.483688296899235)
193 (35.52789418280312,-2.2957272989508395) (121.40999655020906,35.91172526159582)
194 (-31.223657108015164,-13.351121928532631) (-98.97045166995737,20.55000585544811)
195 (1.1565177466590963,-18.93687640287172) (65.11097147025589,-93.47566375031415)
196 (8.75184020408082,8.542130983115419) (-6.530961746541498,70.40569615254256)
197 (10.582751002093625,2.809556468991091) (-19.51402968322214,-57.05248572639967)
198 (0.23157035525457087,10.591680419218667) (-84.93017028437417,-12.988137958427563)
199 (26.461749244862105,16.324562779798686) (57.114406899638126,-21.85547192136725)
200 (5.441776056163944,0.5932455325047583) (-37.9382502005733,34.44872847414282)
