loadNumber pickup dropoff
1 (-0.9336000069963912,-124.32579482397279) (-29.273804498871783,-107.46324322639512)
2 (12.145508212286403,-23.41468467579193) (27.74092844261059,-31.67816257916472)
3 (73.00241998255133,182.21189053690952) (41.37721880457132,128.6103698438755)
4 (15.185308197048489,11.366535354078618) (93.29431112296702,9.62923552179319)
5 (-54.3623196448379,-41.20412824981877) (2.641487176036911,-103.84814810341084)
6 (12.871065241338366,-14.547671636902667) (82.22406642450133,18.38121304065991)
7 (-36.31894408897958,-113.93013296788587) (-33.48935634195029,-146.49073128198518)
8 (72.84006454317365,-40.06180342338637) (65.0610317529885,-100.23701863005232)
9 (66.26649409203301,-76.02960060170385) (10.574531012528958,-144.03982102665046)
10 (16.004926627195825,126.33350836875738) (92.00126438173196,75.06222643162029)
11 (7.132960667660548,-87.23984429584746) (52.40545246013251,-105.53388707755653)
12 (-44.68405157719842,44.12863405564961) (-55.85014797935282,-0.644521901513393)
13 (-13.991593535244618,-1.23677547706723) (1.4652024160649084,-72.89340036066872)
14 (8.718909391399785,-8.520062093242956) (31.089018985126636,-54.66656028765854)
15 (-33.981610850990776,-88.34323102801395) (-104.20729267778309,-19.102018089295797)
16 (-46.31356956802751,39.009629209220094) (44.404935536152955,74.26938977558993)
17 (-122.86493430191085,-104.4612983702154) (-191.03552123819844,-49.26199800484663)
18 (81.59593880385519,-82.9622542874844) (93.79086681233449,-130.25795524933102)
19 (89.0663261148683,65.91858864543977) (52.759562610595424,46.13313366726725)
20 (11.863369794892787,14.085759359014476) (61.71092434422617,-14.640372517851178)
21 (146.6529559708887,-160.46392259899935) (72.55920712533596,-220.9708445336941)
22 (-268.340650262517,-78.35301524878331) (-283.8308564339538,-42.89361215000971)
23 (-22.9009323734374,-0.9420983085146701) (-51.846807821683626,-44.639438729400815)
24 (-6.355768257677872,-2.4612508884384297) (-1.21920643937034,-71.14553341111764)
25 (14.631874953785086,-132.74626914170693) (-79.75819345398428,-119.68522372705503)
26 (-110.23007525220089,-29.60253744600255) (-91.57882757900757,38.43390978721539)
27 (-42.68142975135718,-33.12755203595857) (1.9979747059061097,39.871975188449866)
28 (-13.761867249770093,-3.9898371639810764) (19.35750497844419,32.22098981499382)
29 (-151.31082053868732,-150.19994387427303) (-91.20212008277471,-179.45061882899967)
30 (-87.10752485812067,-112.94562759304287) (-91.77269139211073,-123.87505096194357)
31 (11.913264150595385,-32.63332725942411) (24.75890101381912,24.93499539001882)
32 (16.995429956796816,143.29918188588778) (103.18642208303525,129.64035010526095)
33 (72.40991265068737,70.04236800779181) (66.1884689059477,97.75693093562373)
34 (-76.48982518571306,22.333765143096272) (14.48866717663087,-14.511872088408175)
35 (-40.85497511242839,-191.11820474346464) (-65.41698196790236,-147.75046529589426)
36 (-90.42356159135312,43.991953558004454) (-99.04121068424912,119.92829678542425)
37 (7.7195489197427545,-19.815701612003256) (-22.836723411954473,-89.84876163491194)
38 (67.9556075256944,-16.794791140715425) (68.32478852388968,-113.33011781441905)
39 (12.011542083648363,-14.89463529029139) (18.097135332290343,-79.81284394951525)
40 (43.33744541052632,-66.24470852782812) (-8.869937131992224,-38.42512390171497)
41 (-12.268583630323123,-9.669507503202144) (-2.671517044654589,5.307308636578558)
42 (5.040737703477554,11.845457871149307) (-7.303610465107614,29.85508930324469)
43 (122.05057719773407,12.314429512084331) (151.84519511580902,32.374481694333824)
44 (21.6873152997996,-69.11794539892261) (-67.31692340042761,-100.68651865364556)
45 (78.60125942191661,109.52413949503364) (139.68452494828819,109.53685399070392)
46 (-6.298064537937313,19.96197695616066) (-58.36005876849301,-12.29489168417539)
47 (-137.09176787301715,56.49441487338831) (-108.91850669148754,75.26982085830446)
48 (-64.20680678358721,-69.95752980444205) (-109.7187816752913,13.160815830923553)
49 (162.64683928226225,-80.64393828299596) (97.38034768230762,-61.281921104455755)
50 (8.996247813727042,74.97798520508735) (92.07297917999213,85.8362603694653)
51 (-5.967373093636116,-19.291077490206813) (-20.570211832967196,48.06988244158369)
52 (-74.54306165223913,-8.151255322425033) (-31.837234757770418,-97.7953202508054)
53 (136.34462768418157,43.78958632748509) (103.39551730101378,19.155468247213175)
54 (-84.81532355824531,-130.43867104569887) (-61.47151933784011,-54.21232326287041)
55 (65.76854800665055,-19.318039081309216) (134.90060792564947,-86.45898020492072)
56 (-36.53609856150901,-112.21824984701266) (-61.92562984903691,-147.954154804675)
57 (30.378887036967875,-225.46799121289942) (49.496183787848295,-176.39740239514543)
58 (153.49212531893346,60.40347789206205) (137.7347533556832,58.070928129397906)
59 (109.59320297934505,-39.57761220240097) (47.585729198439644,-106.10664889141079)
60 (16.258474749752278,-10.896888484224155) (22.859089121371213,-8.545262543815388)
61 (45.27275216952309,134.56769323170585) (41.88380132562603,124.84103740489114)
62 (-66.88936713030623,-27.800942643808938) (-124.64018465691025,-56.40038658716419)
63 (29.374348098515565,-71.95128171931977) (26.654730977287713,-94.81133499362883)
64 (30.088513486359602,-69.85827549634244) (42.8041106987098,-23.01815369085783)
65 (-3.8741773038684215,-11.554907785030391) (67.42110111643801,-38.48968860922583)
66 (111.92111167661207,-62.50513365079617) (189.45501234062328,-120.32225060509148)
67 (-1.6457379652292632,56.22067830104784) (7.528622635782738,132.78674769057028)
68 (3.711885098882476,27.26059321263313) (77.89060337353708,-18.22013957623469)
69 (35.67993236466399,-99.7214290086757) (-0.5898515320650759,-177.50440336481205)
70 (14.223260669013278,-116.6773702973696) (43.74536815867658,-87.66131574900432)
71 (66.13718202896091,76.84619226547915) (109.39599654846003,7.95400916685783)
72 (-4.355599898373921,-49.77624356851311) (-81.9394965815159,-10.386147773815516)
73 (11.787195737594187,-13.96598426044164) (-49.66494901068244,-20.63350953739322)
74 (-174.36057442088745,-31.76247536135921) (-157.0122294888953,2.761894641950395)
75 (-84.86869399716528,-5.767085832520655) (-128.13564262968947,61.018766410500795)
76 (-81.18456202027183,-95.85559065484966) (-84.8897719685884,-145.89992507606144)
77 (-53.65117354293032,80.27519601864583) (-18.27443732909485,63.05006524772756)
78 (4.8376452676038255,-180.81725061276845) (89.23994433479982,-171.3909852481931)
79 (115.8330742126528,117.03565250784148) (79.1237665080271,79.33439189947656)
80 (-78.740634847706,-14.956495884502235) (0.6284657588643086,-6.625342094604537)
81 (-47.808520011833174,-110.62378523493213) (-15.420647254843317,-61.37106622706463)
82 (-86.84360713304444,-144.99917327294014) (-68.49125320297074,-128.02842346015646)
83 (-136.4191947323859,32.62355687489729) (-180.56936827665513,110.68587639746167)
84 (2.1960816917810337,-82.7088021950678) (-64.92988176013475,-28.958942496335986)
85 (-35.47094168532483,85.76533583564057) (-82.10162123880173,17.055886999874005)
86 (-76.92322310092885,-147.97499754548605) (-122.64000811360012,-158.28337116180452)
87 (35.71860729827046,31.102138271708085) (-29.665642977181115,4.709564200721616)
88 (27.19616094850057,9.685729177950982) (-56.987725731823936,-32.7297248803545)
89 (-78.34412038494936,-125.20532155027422) (-156.859332268957,-139.4901129646216)
90 (6.9855589596183965,-100.0391446083566) (-22.274728618830835,-47.90529595189474)
91 (83.91325400036116,-93.37151788333742) (-13.716514999437436,-108.01659282557326)
92 (-10.563140241347503,-11.043867871876678) (-16.67954067963671,17.2533825965236)
93 (2.8269591727223213,18.589212707274694) (69.29065386270749,69.87203399706351)
94 (-12.61975156855268,-80.7049163576729) (-80.43134934262349,-63.34745481456385)
95 (-147.53941343492846,-65.78779331304311) (-243.57303333243755,-86.07600425318711)
96 (-279.7438202305491,-18.444058132797352) (-276.60588172884655,-5.774220230485053)
97 (-21.39905443148467,6.306386697226148) (14.149709904510608,-55.330321375702745)
98 (2.911401328291653,19.963283224070146) (-69.45182315535925,59.859069571973464)
99 (-84.78490624077945,-39.54259805202888) (-67.88343441207589,39.11993807963404)
100 (6.74933552838102,-18.285242563716263) (49.369300272897576,-99.21248527033904)
101 (-49.45995410256452,-65.11149083655765) (-89.5727413857256,-118.72477156238541)
102 (15.264144206070672,-9.617946601871482) (7.310226814736942,70.46969685909949)
103 (74.94337643389537,34.80345348525046) (20.089125230227552,22.24025084584557)
104 (-71.6669086837462,13.496441056845747) (16.048286488658675,-20.613406068843076)
105 (-89.22773277565496,115.95038650061313) (-52.19964827253625,36.91427803781737)
106 (94.70644312545684,-0.9129734811516776) (63.732303729496664,24.002906796565888)
107 (17.345988514098956,19.650111011177167) (-61.78263416789543,19.77683385376951)
108 (18.91954315094426,33.624859977874955) (43.07104184525132,-61.97369056962612)
109 (-55.701171635874644,6.823080004476051) (-12.9997181408582,-32.08959966815155)
110 (-29.98452233124683,-32.83974277977611) (-13.273699418836944,-32.252541224274545)
111 (-1.881303030567707,2.882198527109596) (5.425737097725362,-14.933735070009233)
112 (-15.748817212584425,20.474797237743903) (-21.20736931639665,86.30870752892345)
113 (-96.07601352605559,-36.18907783668327) (-21.147406044865576,-83.63681121717718)
114 (-31.34913814843792,61.34167462470772) (17.59633518176211,127.21457747979248)
115 (16.37418263110502,3.1975836828587383) (41.47089418154867,-88.2265024722188)
116 (-88.89471607160334,97.5813547889438) (-123.4679042951293,120.27341715866942)
117 (48.42396634898031,-117.0284028075563) (-4.038418632616853,-166.39630940788714)
118 (-8.647003435136785,-16.932678506815257) (-80.60642816586804,-77.20304288582317)
119 (-163.0309200032795,-157.24699385817104) (-176.2306489881124,-102.32343523195938)
120 (-47.84249683964871,-143.1975586265068) (-121.73184561660716,-85.93450260176297)
121 (-18.4917575383501,-11.765689221403008) (-101.31054301151116,19.649954560578422)
122 (148.02869136665174,99.4731449320778) (171.7018691334842,183.39840805385722)
123 (10.003643252736845,22.353097211747304) (29.931637442950745,29.055228098682257)
124 (4.822009570159903,-82.61673935644743) (75.96807604420003,-26.5327362739841)
125 (-38.93947479113665,-41.138431483670956) (-51.12840608843824,49.16768115892948)
126 (7.621077628946054,29.785737365208426) (-9.03089664488434,-23.743525257315454)
127 (100.56162772539165,-44.768767563273975) (119.68991899401115,-36.98900270648146)
128 (-21.63996965492742,-5.069930172682099) (18.858511413085992,-69.65545398108097)
129 (-141.96938894076317,-29.476106051477196) (-184.8746547675955,36.97465132534102)
130 (-85.91124004194425,-121.69270169309725) (-146.75000250605365,-87.32890689438136)
131 (42.65080634426715,151.08573840599936) (102.63574090840768,183.55285411499307)
132 (55.93642988235094,-25.92014686133151) (42.64629238044333,-9.072252090199893)
133 (25.17218747965561,53.14211039334855) (6.341636421752465,114.3468049406653)
134 (-55.1591478446252,101.50493056853018) (-61.62497889276539,128.5486897317461)
135 (12.568646900941589,-108.94486162587548) (-48.14794788266005,-125.29940736064331)
136 (4.482168937152302,18.20619049266059) (-43.2340494609631,-39.93019952190821)
137 (-90.09466759442091,-72.18915739958572) (-72.46042048662214,-126.98343939930314)
138 (-11.153975157697465,3.9628883346119235) (-24.88076660781092,42.68692019791612)
139 (77.30836657096273,-107.95495788578486) (6.166038411977482,-111.97816289989409)
140 (-102.29316563141741,-71.55696859916394) (-119.09413765704988,-54.615156079580196)
141 (15.869362323270654,-18.014224582073297) (-38.86597250880392,-8.604914391771626)
142 (7.890102839450759,12.311165114711336) (21.640458707001635,-71.79250866748507)
143 (-10.340944403561682,22.325173208473284) (26.353816199082214,-9.061028843921466)
144 (-38.847005251526696,42.68084853505157) (-63.99812614363791,38.43466291924332)
145 (-38.94122904433826,-122.71079610663931) (2.7786834023812617,-198.92768533857156)
146 (9.442155662667851,57.2610696676343) (28.220521079629126,30.076184989608752)
147 (138.8009709619039,-39.50216723358588) (185.01112406372948,-16.011842480164635)
148 (-12.100341914552477,-85.87022836052942) (-75.63170410144161,-23.698683129656054)
149 (-59.052863733688504,10.868353562402223) (-142.17704936675253,38.68406630426188)
150 (4.243144153577657,-75.80097170972665) (5.416454769964047,-62.374268184706246)
151 (170.80057600795388,-123.14201651812093) (155.39781491834427,-81.28628265871258)
152 (-22.45565013537821,-2.328590640134096) (-61.053702674237115,-31.92093689723188)
153 (20.400549423462447,-1.7609123799796613) (25.74659258464992,-12.951549580316343)
154 (-49.58530750865927,-37.98657185236571) (45.26391666210277,-53.59618982926747)
155 (-40.02401152067658,100.76136542859534) (-54.382985482582654,49.03094678782905)
156 (42.91344711568125,132.33157425764398) (30.02346693180501,200.59283952711567)
157 (-58.213834450992124,-123.64743327330415) (-9.227363065820946,-162.7721456760445)
158 (-72.62701635681626,-37.28701578052235) (3.507226998892733,-19.203675972012565)
159 (-0.5548683414572584,22.21481171711255) (-47.47174217860918,81.22088240497291)
160 (90.6677862651492,-83.69407941645508) (123.07687087647426,-170.86034748642368)
161 (-124.15142456838892,115.82249030541183) (-88.8175557321859,22.865525189672482)
162 (79.74367101570972,10.826728985763303) (103.33186233562814,-52.45767594941154)
163 (49.2970046778651,-55.722593516197904) (-12.720918512893675,-42.848629116159394)
164 (30.497438844713407,-61.631453884340985) (-19.549206822601036,-53.60764425290981)
165 (114.56967773508804,-19.652801126722487) (115.80256780785813,-31.895690066153104)
166 (3.868873611904574,-1.2509904396527851) (48.02639848527414,-12.791531936583686)
167 (29.66253404786705,-32.94496811792947) (27.427403184968714,-112.92779668007967)
168 (23.216696981017826,17.14791745361888) (13.757249639941273,82.37387761746785)
169 (54.81723202910741,69.20962798163177) (-22.94438513931265,86.60626412462106)
170 (-87.05731067017159,-129.29404847643949) (6.857322103528915,-98.47065253691873)
171 (-163.08237977313172,-111.93482613705922) (-109.79016374215811,-119.31026616854983)
172 (74.50472948824914,-37.98940766018872) (53.07363764407772,20.780462056122232)
173 (24.94792421826297,-48.80315783504548) (-12.489693883740934,-114.57800630292067)
174 (31.457678020772143,-48.08864362409578) (-25.592356563733226,-30.089917245447438)
175 (-6.242367413240061,-119.07534068069465) (21.46606585361121,-50.13445329766225)
176 (-11.30779888046454,-6.532515738736642) (-18.984810733760234,-89.00182423514323)
177 (-21.15890783468955,-12.224302615469536) (19.132276990653367,30.851903030291272)
178 (-114.20382152100206,19.56125691103897) (-141.34266163447853,-55.073118889241215)
179 (-58.3233988321077,-152.36050087325742) (-27.276192369808403,-216.66729480040857)
180 (61.947510105839356,-168.23101325629824) (-28.09141546295389,-135.1692939697433)
181 (-25.530253353111632,-10.838985531327372) (10.590734484618856,-81.21258932633414)
182 (29.154797724834282,-69.4353476739116) (-15.753042408149263,2.243431718305118)
183 (12.778059229601164,79.66988505093613) (53.55984272869344,168.91453088474526)
184 (38.556562784015945,-99.74017857378489) (-32.98970833782405,-149.88156850842563)
185 (5.496631440624311,-50.844497180588476) (-58.324425727155244,-92.35311471366428)
186 (-152.5193346199325,-93.62455227602817) (-129.94060630327334,-7.8290996092255085)
187 (33.38336945338034,218.51979016685814) (13.408309827453724,149.38914468287768)
188 (54.348385080705334,-47.5505305712031) (53.633860143630436,-101.24386947442792)
189 (-9.143436145285664,-210.9832129200594) (14.220345000694126,-214.64782617919047)
190 (5.844634002846908,-87.46116002931356) (72.43968668650226,-105.63328787663141)
191 (4.0571684820350775,-83.96169250985125) (66.15423096962692,-75.2551711451182)
192 (92.05996601288774,-188.0645692056376) (131.57399318477098,-182.0033879114776)
193 (18.269846872740903,-3.517782101395319) (-0.32540051738875064,-35.20617496248079)
194 (-21.855348893694096,10.264503162167808) (-0.010297572824295997,58.53763928801505)
195 (-60.024771110940044,23.354428484849144) (-94.36028374679341,61.91862297651105)
196 (-82.00000358154196,-162.17347688150653) (-110.85488999805811,-203.08392915810444)
197 (3.3918524646550363,18.993627730893095) (68.17216147082402,-51.21326671938792)
198 (-55.15047887605985,19.589865035954716) (-57.064316528261415,118.74939415244627)
199 (-52.83874287546013,-15.93162458680567) (19.54046611975957,11.415845826662407)
200 (28.09864916167745,3.767156321002986) (-18.106823156680626,36.73046133263307)
