loadNumber pickup dropoff
1 (-66.78076710540404,102.08771150407125) (-68.63098684986417,35.90689102186441)
2 (47.34318972715192,-94.96964256414567) (46.12322257456739,-35.95490033868454)
3 (-40.04772338546592,121.1527931445892) (8.190430763841817,126.94393203876353)
4 (153.408165632544,15.059557846838775) (167.00230165335975,100.88497172557899)
5 (81.31542460989944,-128.74424467361635) (102.09708775790484,-180.80793649261716)
6 (-98.87512634260945,-7.139555599564929) (-68.08594196486452,29.589204085381297)
7 (-37.23747037097961,75.10705406862931) (-23.41882077287509,114.89747683787843)
8 (27.66504318543012,137.74794428463474) (30.78291928243109,121.438519182099)
9 (5.186238868330079,-109.79023182231411) (-11.416775767520484,-167.1223908372333)
10 (-147.95061537118048,56.96702051994863) (-131.1620695886323,9.875523376613394)
11 (56.511173112057755,75.62153275327651) (111.17067162426832,34.227786385704924)
12 (-20.41445890889991,21.622601281013846) (20.548554902998,33.29659145855862)
13 (10.394021105988074,-67.21146451205176) (-48.0346422152686,-49.3798025879111)
14 (109.99952781012078,-32.58394662220143) (151.63117763394445,-30.990893723503085)
15 (71.33713976305052,-47.217514088555575) (99.27745495090815,26.87338657543259)
16 (137.40700971820505,37.9016487023663) (177.3388203633913,98.53758784827542)
17 (-56.74986175735512,56.53819884464516) (-55.126457720934674,56.77016089243622)
18 (3.4426933502400843,78.65427337852705) (33.758443755843366,-2.0323053368896495)
19 (-99.34058134402811,26.40321441056451) (-134.91868063671293,45.59767240288721)
20 (114.72662191882706,41.87907235254641) (79.6134001822367,95.28733448789316)
21 (-23.166456421610974,-20.402876608477783) (56.12106484534637,-44.137411370273334)
22 (92.55474909588567,-8.829504307229183) (9.17510389389453,5.931992021196288)
23 (-238.15521389385552,-100.8464517548701) (-218.62615198807634,-130.85095891373663)
24 (83.94763821349378,20.939954310285383) (69.81319883993773,-44.253995328428786)
25 (-79.82858062578416,38.00272778031713) (-105.75775346013029,39.138423730905316)
26 (-16.174990044880502,193.2620111246521) (29.085987596659635,138.92126825397196)
27 (-51.178930257008496,64.14115464479424) (-99.91563763094695,-16.82665717821844)
28 (32.569621039521714,-34.8780780338402) (15.474316567882898,29.592613308006577)
29 (16.88051737011642,60.399620282550984) (95.81256168994291,98.91610432356548)
30 (3.910846658652832,0.21771640910435144) (-20.88697401428247,46.228441111327655)
31 (23.35828860227864,41.18972713265806) (92.11726932800067,54.537470903157924)
32 (-17.575747854631903,-160.37246371667436) (17.716622782566372,-151.07920614647142)
33 (31.241897475446976,-77.26398499200978) (75.7441430945155,-128.3416145560014)
34 (-77.92916583323324,55.96825255083655) (-156.66651310094284,84.0710908702916)
35 (124.6148593787788,-125.93363828446135) (63.19658654851758,-119.39979710247445)
36 (-62.653531079564026,6.821718882655495) (-6.1207756978757715,-14.213615639129927)
37 (-31.068436113340404,-110.24730585119934) (-12.775691194337497,-46.3886120497163)
38 (15.367984082672436,6.184295047665886) (-61.53801064056448,4.358395307730105)
39 (-78.07326469844483,29.59473991622606) (-173.46864531852071,14.602837813186705)
40 (-1.0297185202050096,-4.598073095168084) (-19.582178471372224,-57.80604249567432)
41 (78.86342678955222,-22.24606691133716) (7.61257057262155,-12.942249282423363)
42 (177.47171405623777,94.7329739887917) (157.5815390771931,189.88700006325865)
43 (-5.8351983710031075,10.397177015659716) (54.917962047633154,49.41117575580081)
44 (3.7167040712642496,4.8008809929244) (57.10825513765758,4.023929695872921)
45 (-52.5241058630709,68.87971715154833) (-34.8809804146187,128.10630253069388)
46 (-4.27399322006088,-3.462290584951668) (-84.63003097246524,-10.052532327455099)
47 (-126.13705142081449,-10.821398257772309) (-217.22755972678985,-12.151018126210785)
48 (-2.5523140734145637,13.854270770534509) (-82.82650041208083,37.677908335728574)
49 (-74.82063556480513,8.019224484554673) (-51.98115878829037,14.334230739535593)
50 (-79.94709721243424,111.42973471493318) (-2.526166818328761,126.04491718348424)
51 (69.43024131627622,-36.00253078728034) (123.95219218654876,-24.75906627835917)
52 (-13.212089520280578,73.59221997702589) (-24.937905154920074,33.38978136721663)
53 (-64.05960589226291,27.029855528842013) (-16.11040548451428,-14.166617352416402)
54 (-25.402678288424536,54.91707450783102) (-38.96762369902947,81.23923471240785)
55 (148.7984524338328,-122.94741813237893) (89.61333764427945,-113.7110643343419)
56 (-202.6608230443144,-145.97356743944042) (-181.91116425415962,-90.99680438574651)
57 (27.251244651923553,76.7737080773134) (70.74285974144757,19.65560211962243)
58 (6.12348207568456,6.537532268704642) (-66.63716943687956,-2.2385680472725076)
59 (-111.07646688485882,37.475078010142944) (-146.6232891897563,-10.742172689220745)
60 (4.779967129998984,-0.07353006839772969) (56.675810765005856,14.15817474119051)
61 (77.74504686481839,90.82313131185461) (63.02605781761804,86.58916952575642)
62 (-17.744016899807786,48.97739124014354) (-75.02726572835267,46.334346705070104)
63 (-114.45879597736143,38.824380036334425) (-115.0173702981183,-39.02520398932804)
64 (-8.10610217935143,-3.766763788465846) (81.88229473923522,15.613441608323237)
65 (-57.974089489761454,19.323757880853762) (-25.427192964887546,28.881264375256038)
66 (-40.86002941587711,14.368547582143192) (-72.72731421551886,104.58825324759316)
67 (-5.8859767455171035,-1.8768393345271677) (28.225215856898316,-70.32342302991206)
68 (81.01797753467636,38.90540914820187) (83.82596546413235,48.89589007009738)
69 (95.61760177157788,-118.76107557412519) (46.809300698922115,-37.01513791724416)
70 (-0.7029072407411686,-6.958524765502164) (59.338542275111166,-20.94187178052149)
71 (40.12500525697287,-15.838423684935188) (53.583791890939,-100.62773675250746)
72 (2.4662928941380535,-5.858628759318894) (-11.651873449254214,-19.768237435337806)
73 (-137.51941144172062,-1.0642816134103787) (-199.13289828427773,-67.98793919124412)
74 (-6.831204769172409,5.6112591130483365) (-1.9216495919399321,10.782648384162414)
75 (5.207072775450685,-1.8182274270464163) (11.382183859205506,83.66691148333811)
76 (46.78416040290962,-10.624326722927268) (-38.162390458383186,16.97922816807264)
77 (-113.97509986630077,31.372089621955176) (-74.88209230158127,47.730485614561516)
78 (-53.199601760349914,48.87754807445303) (-36.49747411125381,40.764899692202974)
79 (-116.84490006726743,-5.630559271059038) (-84.2063121321024,85.6528983174546)
80 (162.47177380268914,101.23245178280955) (144.85710382345684,25.488278870076726)
81 (-5.2814666495815485,-2.352356256684263) (11.43662936649044,46.44564611141954)
82 (21.75348334068487,-31.301059342872133) (18.394420089406285,61.60345208120195)
83 (-32.001209643259074,52.52844679576675) (31.997888010630277,85.5036545879759)
84 (-6.296929614679219,3.929327391512037) (16.98744614987996,-67.20656899136024)
85 (81.71504383777514,17.783209964935818) (84.5920686490368,-58.828641464715915)
86 (-4.7070309576260865,-7.26003744310609) (-22.474151275631385,-79.6522266483056)
87 (-17.916736656511347,32.201077476582924) (-43.56531209493467,73.29715091986282)
88 (102.93135043433247,-173.23592637656185) (156.0280215453791,-118.55801955347815)
89 (-5.032632930261265,-17.52082492198855) (-45.791487069205594,66.00770444258303)
90 (-77.13036287477647,-35.57219861862675) (-68.03867487448976,-80.57560730448532)
91 (-7.960570841742794,0.09721726249510458) (-33.05453841352746,63.03138938679295)
92 (-103.91580088355275,-24.04479532249503) (-81.10900447479318,-32.88154243173071)
93 (5.349992948813071,49.697710751064825) (24.1136144792009,75.11605342639538)
94 (-0.5306114416795065,-115.59553371244974) (38.465068040349394,-60.29365225007844)
95 (-19.551850934065087,-50.79917790804008) (-27.515770325369797,16.39617113583057)
96 (55.601475270432985,-52.97784165255699) (121.22243618470424,-117.13586866891315)
97 (87.45558394288994,56.89969245068903) (30.091836998917778,78.25437030740967)
98 (-25.2516254526599,117.79232960191615) (-21.302082231034078,197.47550188539327)
99 (49.016095246574146,43.834650083471765) (115.40749880009528,38.68275161369128)
100 (65.11878160679859,79.21488502092399) (-10.690628212702933,18.50057999974807)
101 (-193.9598135473767,-44.44753020786935) (-241.01490781711385,-110.06156602559892)
102 (-2.8968361925103747,-6.444398736751756) (15.062829379334797,26.18658364583331)
103 (-42.07977714626735,-46.99780074276996) (-112.00148872406024,21.612318341386548)
104 (98.74472240734292,98.76357858886935) (49.67850840655607,41.93067325521991)
105 (-10.492834084765366,-6.247407045584697) (3.2283601716301433,-6.49947842845356)
106 (-0.9605470501580042,4.247344009781959) (45.21196378500607,47.275054274603725)
107 (17.44749774327221,34.91746807701557) (7.693364424781228,8.287820055891803)
108 (69.90839467758985,-44.707660388506795) (105.95200652786647,6.412761373231625)
109 (63.31828188955097,-131.39113283755478) (20.892848830484844,-44.26959827497217)
110 (-57.84058766428026,-51.09100614254028) (-21.66597901029953,-22.773901253339034)
111 (62.36797490360379,22.672763193366578) (106.4701951466667,93.5196185592523)
112 (165.5656073132636,-131.46795896771872) (117.79720245291483,-128.26948873121134)
113 (40.92144402387309,-58.47632456864358) (61.584571655855456,-2.457301341260603)
114 (-135.81933272635519,7.712270934882859) (-119.99587467916896,53.660499009670914)
115 (50.29750022868196,-19.233536753143433) (88.18489521104321,44.75504599429171)
116 (-23.619744568997007,-8.086055948774762) (17.39504344303201,39.40038436781867)
117 (33.4381880671783,-120.76183332386879) (-4.291478316179543,-197.82844227686425)
118 (-96.15913659710199,52.14441930234843) (-120.51582986765489,-13.155697857674944)
119 (-69.4779452547697,5.61361528277275) (-143.21614820473195,2.559724712423036)
120 (-52.46651959852868,69.15186271378452) (-99.1424610488061,84.02139497113922)
121 (11.419346536216146,-59.799906977326316) (-79.07297651474823,-56.71200104568208)
122 (-152.74003056472964,75.12262233380608) (-74.81051089646844,107.76831142224727)
123 (110.66481991364398,47.279528361563656) (52.002979898400085,86.94637058812074)
124 (-3.4619858076947043,2.451225650171265) (-60.676452406791164,33.000739125343344)
125 (53.847368047816126,83.77463186564928) (-16.26539215514442,70.11205119867263)
126 (67.76097584582142,3.519725946745093) (46.832144411668025,-5.46454311366944)
127 (36.91045764318449,93.28031352357104) (10.01487354496631,146.09863080827648)
128 (38.934139466135,-76.93218243600073) (-33.44834443152015,-102.45602080786558)
129 (-132.71742323649727,53.31567950141089) (-99.36488618867648,55.798230374667476)
130 (-41.0772794498184,67.30757137443707) (32.04091746964685,119.62676380610293)
131 (-18.726864079881032,35.295891037658535) (-0.4317939716311088,-30.73395929151809)
132 (12.777537732990279,154.94251407461064) (-51.18078979864475,115.10388355104485)
133 (55.90823347875634,48.984755718377684) (42.569138134294235,145.86212942163985)
134 (41.94348845504737,-5.246913000766349) (-14.278298414940053,8.344515056664683)
135 (-6.545809749741974,6.368997636480001) (73.72900392038378,-47.015215368350496)
136 (17.490475454077846,24.369781289067625) (84.88771293807807,7.006835358048022)
137 (17.135385582862604,-44.27782558028434) (16.322616521910494,-107.52298665579062)
138 (59.34588391284544,50.42261600611776) (86.62090449812426,29.10335070691586)
139 (2.6858606081574083,-2.5266840510538993) (30.96738283240126,-44.147298420432506)
140 (-89.99616616995867,-17.017903043662454) (-107.5154470431118,30.331930918519685)
141 (-43.517473318673254,-82.13376447005894) (33.21431363511627,-51.56267292275693)
142 (-23.21368379830423,-32.7592633695728) (-38.61626997446128,-83.35466154825428)
143 (14.361877207270076,-14.08667402173073) (43.80315600860343,10.8020082363604)
144 (-59.438164669325424,-98.05661853718931) (-31.961057473263697,-7.136292819340468)
145 (46.491031342870706,24.006830889545675) (19.690587112882902,-62.18090816017561)
146 (-100.33544659841813,57.93628223642268) (-88.50924906303209,54.619374435627975)
147 (-29.967771258050742,36.26949281274376) (-61.51347974734671,65.37598130252319)
148 (57.201998832475944,-0.9839810595718435) (144.05303939403402,35.28015736500418)
149 (-83.074686230604,145.8590259455471) (-116.27088157064482,118.12333832046752)
150 (-64.29485142882245,40.536404470868014) (-51.00799966634055,46.05738469024223)
151 (82.54352062140465,-59.0972576563143) (26.377617730066817,-35.343016639690646)
152 (1.5300001071523504,-1.4003951245981152) (-35.217346337573744,-91.40418127212189)
153 (23.634402692544434,-62.23436657007255) (102.51662450512057,-36.04715291705314)
154 (8.032910352699536,-5.070572186416238) (-49.38473942626605,-51.894330179156576)
155 (106.9416543338694,16.227631333891605) (162.0414269351931,17.912249135282973)
156 (-3.7632606361966086,-5.772559085855809) (-9.243249365025907,-42.698456969483125)
157 (-47.767273349141576,44.64993559979344) (-23.54262287298433,-33.35876829976091)
158 (-6.701992129780732,-48.16616349386181) (2.563547665376432,-121.13317326578641)
159 (65.80156892855929,0.4033746455060361) (77.51654928635604,-34.54924128642021)
160 (25.147156590184974,-104.31558666539833) (-4.456554283774025,-150.00979906774865)
161 (50.020961565047614,5.2766069927386985) (102.23108357863542,16.751744011268062)
162 (-45.30589623531401,47.605421977625674) (-111.99423652510612,30.3233113452633)
163 (21.792229665419768,36.46750033488937) (61.37565008233341,67.29088056072278)
164 (11.962297960620344,-118.20735012409948) (51.28593646242359,-99.27495684154053)
165 (-7.179629842462924,-4.930176586130713) (59.501847869375105,3.2905959214498104)
166 (26.20736707299384,-58.115576068210395) (37.8529206508967,22.29203368401928)
167 (2.618263521697995,-198.13351368715317) (-1.6879347410480339,-120.7588141331141)
168 (52.093826310221765,-40.240973281445086) (42.750830265042595,-25.338928764647065)
169 (52.28982308776731,17.766192545084355) (-38.74911040592004,53.34792167480522)
170 (94.13440489566392,99.59545294683238) (97.71154151077947,148.61139186822388)
171 (13.845865790410295,23.68835308701677) (-44.50533059553025,46.343114913891355)
172 (-39.988291095732755,-53.829718366500146) (-65.37975186808194,5.1292492717663265)
173 (-5.9182646954015485,-4.457387927255427) (43.749621064480706,-83.27085901811236)
174 (-109.65886760393174,-34.02229531811861) (-66.02971053406077,-94.97661989432098)
175 (67.7729728213724,-124.81649942831838) (164.84966691264623,-127.55865486466585)
176 (-125.35869644670176,50.40169067590713) (-149.01466464215207,106.08259686961148)
177 (-1.382166128938973,-27.51671940207249) (91.52588041897954,-2.993198086700925)
178 (37.67786171186878,-36.66223738861227) (63.449104634866416,-2.9616150560700376)
179 (-16.462635502011764,15.254800866320277) (2.255175421637656,-68.58596365911984)
180 (-76.75533477000673,-79.75222766551525) (7.760365891406323,-115.95316647934703)
181 (-63.00491235862397,1.4959628952686002) (-121.3280077528508,-2.3741179181917937)
182 (-109.30720631810942,114.78429609330684) (-75.68803981057931,54.70923209990648)
183 (-19.647329500091217,-62.73016393347182) (-73.62077302770203,13.049514550570812)
184 (4.179168424436142,132.7930423663166) (-24.597325564626793,83.01892234773278)
185 (-106.66770307607358,79.16879179348624) (-128.76429052931783,171.72698413168774)
186 (29.643916429027726,76.4800509466039) (-29.305842602271333,46.73320471479528)
187 (-7.210549841437231,3.8122337996086917) (-100.58405831552842,-8.064048452172274)
188 (-154.04121417849709,-13.378780123981201) (-193.5819202102748,-50.49128397454652)
189 (-28.460657036194323,-95.58768877993542) (27.346343689467783,-126.27509327456282)
190 (4.481327618269688,41.42423323747352) (19.764760289559604,39.59251395730413)
191 (-177.8040498300309,16.576625284037288) (-155.55641811079772,60.901036988665695)
192 (8.150947007614224,-5.672178459330555) (10.050608506597294,40.96489694098724)
193 (89.30929767390603,11.022029667086931) (106.35361737796953,-9.396221935500789)
194 (1.251214277465179,3.5946948979154403) (86.08580853816908,-19.862039393527596)
195 (-202.48413970563942,-65.08033031886103) (-196.5791635876317,-142.84823025140338)
196 (-27.054822135214376,-76.70044061152095) (56.13309546468072,-128.75279724099022)
197 (-54.361836015573786,107.02590563276183) (-81.34946525517549,151.03466151998018)
198 (-6.566327104102412,-6.470994071347115) (-52.71575659045001,-43.28686564669294)
199 (59.7477092342387,4.088516341801615) (27.975911849461248,-69.99713134479771)
200 (26.177425683364,117.72887590630494) (-49.79976850340818,59.79329676250279)
