loadNumber pickup dropoff
1 (77.12660260709828,12.310801621401824) (-122.42619724977598,55.9471726583885)
2 (5.475916251323851,-131.6704986786094) (62.86774321725273,-130.4941563844633)
3 (-49.79214692490947,28.852988268610716) (109.04811012841937,60.509641035469706)
4 (-44.953528371598026,-64.05576944008881) (-28.218038021176053,1.5391328771791721)
5 (-19.382745833849793,104.13582789457399) (-126.00176223483335,28.323835121411996)
6 (73.59980825273557,30.651851097906714) (24.395646677095556,42.034725696620946)
7 (58.061911247317134,1.0402218544229702) (-70.304890102886,18.71241028331785)
8 (-106.7722356887182,-36.537187904257706) (31.273272283142184,128.22377008805242)
9 (-99.98056481059972,55.736380718950464) (-72.84169247808926,-3.932499865078825)
10 (-25.838382282742202,22.816616630821134) (-48.77569499694058,-69.22018671682834)
11 (-37.781491226470216,89.1584535446044) (128.32108589022306,-59.866271721593144)
12 (77.36187128220496,102.05820990739385) (-33.607855745765114,33.22958007513411)
13 (78.76244609207436,-30.187570013057226) (-90.58502783245176,112.60727984736698)
14 (-44.36883825020795,-10.256740571800972) (-68.28327250179805,113.73080196102116)
15 (-6.533873862352614,-42.57316355430923) (95.42069039185078,-11.832854667807284)
16 (-3.3626440751495137,-82.98197756000494) (44.31211917655747,105.81410650549614)
17 (-136.76385249398663,-48.18907678107163) (1.2786900043898655,-19.994142369806323)
18 (62.23672506302385,34.132976604411475) (40.37097259965353,-143.5003150017759)
19 (-39.54625828302003,-107.04627022086174) (-20.673271727599488,-10.195541498133881)
20 (87.35730871059486,107.94274128419764) (-18.511240745348594,-120.40852297581984)
21 (-18.95132429126695,-65.22529524387271) (-81.77776168443232,-51.0747725448299)
22 (140.6561181993338,-26.427185153488836) (-15.120410936431332,-145.40115775211476)
23 (-131.9448485927541,48.83353049983) (53.9783647071908,-76.20375229594114)
24 (-107.53490531794981,95.5717553457574) (-71.5053317865219,9.942173206400609)
25 (149.5038624542778,12.062578633007659) (35.533828652346955,-108.44827247521195)
26 (-73.3685017455583,123.63647814606031) (-120.39675712827723,16.244666681544054)
27 (143.78421711688378,-27.945692801788002) (-96.27312228509778,29.301999956442135)
28 (-120.24008165930478,26.506083698596886) (-16.26294125859519,21.74337529209952)
29 (-83.84839765630043,89.95988517315992) (-33.54279874695553,-26.683214873020994)
30 (35.7857072998922,-99.6470318293973) (42.41075679239368,29.73266385398903)
31 (-3.3885403090719888,64.26846752249651) (8.93170397153181,69.90573528583738)
32 (39.748809368441236,79.24418652276094) (-42.40419613940952,99.59444774026947)
33 (8.130488641521822,-21.9267092738406) (116.77268645322997,27.834087023388957)
34 (105.56947134247926,36.06951950135841) (-78.87131213311412,-86.14653766077738)
35 (-122.24121126501144,-53.14814464295498) (-35.35027162951363,-89.49070657006077)
36 (-46.54648701676375,94.56670139148382) (25.586660813487917,140.7193653422835)
37 (106.71120617170149,-2.098691839886807) (-3.954135613064058,-149.9368508142472)
38 (-9.116104494743617,-10.6568801482714) (-22.706902965472622,3.3262121983814996)
39 (103.85517237007443,53.26951790289024) (98.42849181312052,9.980606699546986)
40 (-117.19134313760087,-60.27234355576806) (40.17334311871574,103.36045623216103)
41 (22.802922301993622,99.81523936996739) (64.81467321922604,-117.58812058391989)
42 (99.5901099905655,8.763323670521308) (126.71635151568694,-9.929891558404812)
43 (-14.52808806807658,-60.03950838764712) (12.118298453974704,-31.39950136706719)
44 (-87.50106937046449,-27.966772705429808) (-117.57707504670684,10.476714770717361)
45 (23.388389618249654,123.58016590145839) (48.208024996768216,-53.989211395711024)
46 (-6.014910724008443,-96.9211334105625) (-41.598119289638156,29.8526775468337)
47 (-35.14589457791528,105.02497123586969) (42.09568447693015,116.64884296408917)
48 (-17.85358810276817,90.91079886026036) (-61.94279479700609,58.549391586557164)
49 (48.054127648046276,-80.41424982851464) (-3.2941953812022207,80.47152357363788)
50 (70.68527459888942,1.071525549873619) (97.4715339160494,79.89219783891458)
51 (-127.55082937688427,-74.3773655722081) (92.56020603935886,108.3080573338232)
52 (-144.32003168484783,-38.38920595653369) (-42.18660961526168,-99.47329586748089)
53 (73.06961292964198,-130.66584550809932) (82.60592063290524,79.82540206217348)
54 (-41.45271735064508,-114.42030773570842) (60.17851325160214,22.112927242664338)
55 (-78.09769325616782,-56.79938254037167) (-78.49543055722586,-85.14770438017459)
56 (79.6150502865218,91.94314540562601) (-85.17084978942745,-95.53386137981411)
57 (-83.66469290378042,-117.30370698040936) (-18.563737387515214,92.96593106988843)
58 (132.51328507239492,2.8806377957715967) (-0.9396332069251518,-35.91279447136289)
59 (38.901845925815024,23.46506981780217) (-61.12710773369156,76.36440302448045)
60 (39.28913544344222,57.679608472457545) (-5.065678621887554,86.73119363293293)
61 (-39.74027546445879,-93.0213621402216) (84.57818415990121,59.613270087467896)
62 (-53.91598213265043,-57.872179051838046) (106.85962420694094,20.589918399982395)
63 (-9.537831039753334,116.24057125856719) (-105.72227505719202,105.4147314727877)
64 (-1.5519835296601394,-7.8602043204413246) (15.653192254923823,7.910324729209775)
65 (88.87577769770155,-60.813379236624804) (-82.87815080437304,-5.815247550640914)
66 (-78.26479507832597,-28.965763689138598) (-97.02053552516148,109.55266543492411)
67 (-105.4990677543973,-14.175090348659355) (89.73491377185682,81.44180213351045)
68 (9.896918537458756,43.12109657872343) (31.662243886495567,97.83742845053082)
69 (120.90546797460878,-78.04565927587953) (-83.49527503801245,3.730336275897791)
70 (108.69568144362448,-65.49431605315104) (105.0485031279575,-60.84520666738778)
71 (-68.54321949920093,32.15355479339554) (-28.692364773222494,18.295066686980043)
72 (-102.43809376258824,57.24892331458081) (-116.05820080846196,45.63291851160598)
73 (-8.662508903855596,1.294682013087453) (-32.627083889166535,51.812626345238606)
74 (-111.64747817495353,-39.068580766268866) (34.73725842957025,107.31681373416494)
75 (51.789951056828535,31.91016534696051) (58.663568881536676,49.03371303096956)
76 (-104.95950192167942,-81.95847632846107) (-1.8186756637022743,38.831632447555414)
77 (-23.36206946815732,59.43211451600641) (69.0356466301249,-100.99161624983431)
78 (-71.2438881025106,-73.54748318496526) (128.6542890232264,48.64954141510342)
79 (-67.36498546521281,-62.88946111787941) (102.37965532128976,15.011854718204889)
80 (134.40234675955708,36.41085533075884) (-129.58913781928092,-22.981892156385115)
81 (-39.63370152772453,-17.621487495226205) (-81.49826006971621,-95.2131835980978)
82 (-30.06875202883388,-35.83553530315912) (23.94321499806018,115.79905867151572)
83 (-12.627317933851547,-22.04260336851251) (18.314791638703397,38.155251329748594)
84 (36.560700804143536,-119.37650859910946) (-128.45975436480464,17.002020570293922)
85 (-7.720683586792757,122.02246694272219) (-101.89912757768626,-68.47601011486508)
86 (20.033731171960117,-110.18243536925682) (-74.67310092609839,4.7974569771749875)
87 (36.45223833635435,139.49937467953924) (-55.79593613216961,-91.6066372551703)
88 (-78.94466502814859,96.87209092957863) (52.007213783044435,79.54547352266961)
89 (57.59827332915648,36.44212800377453) (-71.22682017849635,9.82161756719365)
90 (-94.63082751112924,-89.67529889427779) (75.14749846979163,-127.82466866927433)
91 (66.21045923878378,-71.24812621041048) (71.80919936978043,-46.639362148680966)
92 (-131.9094740371321,63.678382640704704) (-92.36971494900786,-73.36268551378186)
93 (141.05145450146873,-27.70422456701952) (-121.79976879101548,45.0481122199116)
94 (-25.35551934991868,64.71932878966852) (-64.7248336678753,-102.7608918187393)
95 (-62.2379197194933,18.380607560775687) (15.88143915831766,139.4535621141266)
96 (71.48281894955599,-77.23859862007757) (-5.521101334857905,57.392007628209235)
97 (46.541505013273316,15.883490914022268) (-5.334394305176647,-80.82046723654133)
98 (26.113888140814797,22.795191644577425) (-79.31973078616053,-89.6464363015615)
99 (-68.02553899791114,-119.92491634576058) (18.254517404997245,-58.863931816750515)
100 (107.79893275196942,-51.164553097796436) (21.185028002092498,53.739691325943966)
101 (-126.85401691276732,-64.39052197635715) (-13.826130025843128,-147.03160383848302)
102 (76.13861681546607,-55.28152158947557) (-21.005956246354124,65.92449832952487)
103 (-65.05273981125053,-108.34670237711433) (-74.8514015023046,-48.131571650590374)
104 (-49.618536463858305,55.594183355955884) (-22.10108636445697,-96.41151186728278)
105 (-8.41651410398004,-132.83176417023796) (-27.938106247261548,-25.20536088854469)
106 (115.2651528174743,-12.593645837435151) (54.64976790385986,43.097132239348916)
107 (-144.45413537546065,28.985738449964366) (119.22651514557803,-5.024868743177591)
108 (9.148048617769415,-102.03954862639898) (-50.84751657153652,-125.57392542211534)
109 (57.210488493752756,48.08205229991537) (71.27326222150626,-25.66238213678087)
110 (49.179425867153164,113.11559391556511) (146.0929127245361,-25.890411816908845)
111 (-58.08678569365057,128.3099027291804) (92.23398370377114,-15.967993877465288)
112 (23.84955052941395,-113.8342011114594) (53.17112002957165,5.920992697375817)
113 (131.4750521625962,55.49342617777735) (-100.98114362262298,14.1248414491411)
114 (-47.07510804297664,106.2251071530798) (12.543532187429001,3.735273328329183)
115 (-136.04627538259527,-26.933361558779822) (-101.44829349748325,50.66912578770815)
116 (-92.21251669059049,39.34858204017506) (81.884525448763,52.49149734681269)
117 (-31.55563494745953,103.89462467805957) (-30.589320601872135,-1.1143295705521714)
118 (-36.72871400328212,-128.91760184340214) (-95.3359278049349,96.06038257903751)
119 (-29.521534986598596,-44.732684037280244) (-27.520381968534068,-125.96024801619183)
120 (-8.617394427940866,-86.6152516440292) (128.32669893752532,-17.727001061537255)
121 (101.75462201996531,-52.56690662449466) (-71.11660705457004,-97.44811971925017)
122 (32.00887271042501,-45.987617579078766) (-7.2970957247377,30.59491831221828)
123 (23.447851320850805,-143.27244472949576) (70.56945615695076,-32.522520898151704)
124 (-80.01271321833772,-45.82205987786513) (112.75901186548107,63.197922175488046)
125 (-7.462400777781715,27.008377831665236) (-85.81988600047245,-58.80889327942926)
126 (27.53171933450194,-45.94500961123522) (-76.99509596749527,-87.81635448366912)
127 (35.67209786333093,-132.45358415768732) (-56.45611545490539,53.49988689677813)
128 (-0.533340255499777,-56.847050787352956) (80.63969216967328,120.38717857795997)
129 (53.971373321188864,-54.64594148758755) (-124.72842141832346,24.487058617370476)
130 (-72.47225539527858,21.27820922582569) (3.3904994153575725,52.039446322520774)
131 (-6.0881828567875775,-78.12520284577138) (122.79225240143245,-40.50527648326015)
132 (121.25330031510128,45.061213345199306) (-29.99192646964911,118.18209765127098)
133 (-8.48563611439782,-132.30105830123384) (98.63424313679565,82.62358543957595)
134 (41.99608919227441,-135.7156794248294) (-21.560629606619813,-75.19942435140983)
135 (-6.590441074454792,11.234874891173666) (-110.0588573034767,-98.4562124294537)
136 (57.855980589777644,5.258170446270845) (67.1638453724693,96.9477900931846)
137 (-78.58873554611186,-72.57896624117647) (23.823820547898997,40.33856886100126)
138 (-7.73182843678103,2.138841986902875) (-62.79627658380819,71.67480743189945)
139 (108.57234546127461,49.74390945584496) (-69.8642048699468,-121.46613232146946)
140 (-38.61274578949128,-0.585094177102029) (41.3061493787618,140.6760271435124)
141 (-113.57840511004876,-94.41204770763613) (-115.17338259811712,50.664225239403684)
142 (59.24165405124158,-25.508644736500226) (-44.35019474755495,103.59485125020616)
143 (82.55936777511693,-84.59799871533667) (-86.47810399040647,-37.18681503412361)
144 (-48.55206641428732,15.461876532822084) (-32.407869309790776,-94.06479738325282)
145 (-17.508350277050017,-27.46849125154238) (146.41926360986122,31.801542939622653)
146 (-127.11922670819904,62.469227565205856) (-129.0037983438872,-68.99572882701116)
147 (85.67862271495774,10.134064548912857) (-47.51361162735171,-98.76872609024383)
148 (74.97592602244463,12.040623689819695) (-105.50986039028592,24.731513363249384)
149 (-11.734675493672883,-15.495090344676381) (-13.469893135406064,65.5034349456959)
150 (-8.73397005925515,20.543081905724094) (36.990978384622174,23.977113557215326)
151 (-51.105460410750354,81.98409443518796) (-35.06657143691716,26.60958802543436)
152 (-21.823026905430776,73.75626704956706) (142.98245597897636,-41.31130396291287)
153 (-32.37461529000593,-7.107502427873802) (-76.09747339253131,103.88074578556149)
154 (25.930187767163428,-41.03614059577727) (-8.111465734576198,53.93861561905419)
155 (-111.12995816202465,9.826136471187507) (127.76561561490591,-60.97383433095339)
156 (26.778094828832803,41.96597081491701) (67.00201421000992,-35.64605748183121)
157 (68.32291144767885,-33.50349906016389) (-9.213463334182158,-96.06838278631837)
158 (56.77936515322569,-57.63477734017369) (-52.755033845584784,-31.466007083274192)
159 (55.28391660567791,10.142039316628411) (112.6905744513944,22.802042182330077)
160 (47.55158139522413,-102.62847386488797) (-2.7589946321623815,-22.27656724649204)
161 (-55.411307820518864,101.46879379751834) (-49.575007895953405,-34.75100866770681)
162 (21.627190022020624,-146.03403429739265) (113.66801134531372,65.5604006767281)
163 (4.755786182563947,-100.27129076461861) (-101.97743477555179,-39.078317339141336)
164 (-43.318471133830656,-80.3129782756033) (-130.68531709891295,-11.858896527203251)
165 (63.05891902868799,-27.51686952686197) (-25.348368505150734,3.9666666355682794)
166 (-41.70856913738232,136.5249829252428) (38.452030933800316,12.889225080910483)
167 (-15.126694393089535,91.00526918838759) (109.97113407075315,-88.88283903247707)
168 (-68.84632599401544,-114.2194603257017) (-110.23748433016989,-85.52637149810367)
169 (44.8065701882531,-83.69782192679335) (-82.13003388778588,67.46492244484142)
170 (68.44836600280101,109.49584681484534) (34.280685502395066,24.456523664387486)
171 (67.683957781738,-119.92702987542887) (108.98367311606614,56.21822167149655)
172 (-30.07123851124052,-40.40921928218353) (122.9172445611767,11.358740376517838)
173 (-31.05015917896675,6.48523382285301) (74.11411142874879,19.30951730044401)
174 (-73.24140253336394,33.83904949670537) (-80.58517710737516,-116.9811019471612)
175 (-92.54466190202307,-26.152383066485136) (-11.693230716527603,-124.70951234714778)
176 (23.514619171043723,-139.54326650247964) (-55.9244735557417,-79.61373730632467)
177 (-98.18220229875413,-38.62242464058897) (72.79839552340944,44.652738502592236)
178 (88.32247214918502,-34.88845717501426) (-8.775494232402394,-128.8815678906254)
179 (-12.42921024791991,-142.743157296194) (37.998633616593196,102.45075255477627)
180 (88.19473020761494,101.83005100045139) (-20.652253659574527,-120.40981105651862)
181 (78.76927824643862,-30.55402857296132) (-12.949735484011892,-18.057517476765977)
182 (-146.1555988781184,-31.717448044337413) (34.04815460531929,-84.82384955795992)
183 (-70.6498388105335,-90.95682846660148) (128.84618631545348,0.556661574173753)
184 (-129.1768236522025,17.761741924057052) (86.96203994631003,-38.13099313991837)
185 (97.9360134389248,-4.0993430567739315) (-90.38331142141307,-83.43977677930548)
186 (-10.593246252906301,94.15925763784143) (-52.663388431483526,-11.330043888674583)
187 (40.78538289687049,-47.22151757702339) (2.996059151523742,-109.60322991411688)
188 (-8.11558991683693,72.62544034069798) (-68.97913719494599,-53.55229253941555)
189 (12.848114094455793,-117.89026897780504) (-26.414709673421356,-132.53778664592895)
190 (-47.82675152722666,12.39980893629499) (-58.39059290799152,-92.7810892447942)
191 (-112.07744881959711,46.718373845843004) (-68.05619564092179,-65.67358610954413)
192 (26.17041436456381,-62.23756335578152) (42.85151350923939,-120.24122053252206)
193 (99.2374341095323,23.21917860532099) (-80.78817547834959,-85.37736164030427)
194 (-90.75067215593805,-65.98333517079672) (-17.24150443734324,62.926199263519884)
195 (-87.26955990929227,-114.85533268824852) (32.685147977071736,33.361631265788624)
196 (52.492111083105634,21.868724169133806) (-43.21492491817935,103.9636343731111)
197 (17.978927020758302,-66.18300392732209) (-47.78550599287004,63.97872854359612)
198 (-55.38534478373817,115.67483491072281) (17.133433992611057,81.83682420089687)
199 (94.62845013478012,-54.19130086571774) (73.18181799179068,118.01425704628751)
200 (-22.70316685114269,-60.32533903518809) (-32.248840021288544,12.289381493596068)
