loadNumber pickup dropoff
1 (-11.157090063977627,33.01137508499567) (-42.50574278659703,1.2054455899344205)
2 (-81.88725802987747,-55.7881608622307) (-108.14857245820052,-61.571798757643386)
3 (82.85659720761066,-24.047200331271544) (79.43158485446853,-35.74051162142996)
4 (45.56548780540323,-75.33102510974108) (19.0158670999341,-52.36980741995109)
5 (-72.23693601895123,18.602136491105668) (-99.58495573428051,59.87779610258797)
6 (-67.2689356651762,25.932941516306766) (-32.132979298057386,5.343542374025798)
7 (-34.232236365923995,50.260485359186916) (14.820943155683118,43.106977330008036)
8 (-37.54727424181192,76.63050611185382) (-74.98018254797026,77.65578261910012)
9 (49.51088334834218,37.059298167503286) (48.9829228972182,-0.06988101006317748)
10 (-4.799225916185637,85.21920143280677) (21.693456022476536,52.97150878308858)
11 (43.287229558657174,66.3925412949528) (31.00748577959195,30.962965414568544)
12 (53.76113682218282,-67.7336551553372) (19.88508102756917,-39.31266362578758)
13 (-51.90169903457496,82.3558841691709) (-54.46700375150582,129.22277607806473)
14 (10.979373717775335,20.424821820304416) (-29.008477684778956,-7.936005347586761)
15 (6.4231490198341605,-52.200888714304874) (-25.631061198567355,-17.943091990036514)
16 (78.23282702738331,-58.99314605414558) (78.32006973947264,-25.334963623062308)
17 (44.521889442087364,22.20698154013934) (8.021864082462443,40.83869328335359)
18 (16.79165827108486,-15.506963556245706) (-3.099834488567037,-49.841714550570615)
19 (27.51946536612693,-49.53402887109506) (72.34635400906537,-62.13024460603094)
20 (-21.79489116898753,-20.747089794740976) (-50.821362870195216,0.8556872842094023)
21 (72.07672945600018,7.306084470030527) (65.3983516601564,42.54546282209382)
22 (-84.19330870984757,-43.90208357283692) (-95.2634097918367,-13.565067924124634)
23 (-17.43769209149641,73.28882589487951) (-8.64935228587458,91.6139770825563)
24 (-56.60951488224218,44.74418168304382) (-50.72386885793337,32.613413877576114)
25 (-51.815946416419074,-14.36909518927058) (-61.13514514187167,-50.66949901843639)
26 (-43.23639909224121,23.728705389315923) (-50.60685948258119,-13.33492906731139)
27 (45.491007129130125,-52.8146074575973) (80.08816249881323,-44.75409712275781)
28 (75.4874579250062,-38.95821655954699) (87.10231973539734,-41.59010240809696)
29 (-97.5798397214051,-12.542786755741227) (-55.889483381438275,14.018647443192107)
30 (46.65370663744127,-79.89835217114111) (44.91263232697257,-32.30266278262051)
31 (23.20755908894858,-75.8104487124872) (37.11307357636852,-70.71239329286135)
32 (-65.98746515865096,14.92729948178665) (-43.55401191312322,-10.437384770134452)
33 (23.537383375263968,8.180409636914503) (58.007257901567115,-15.410595662001727)
34 (2.066138425087194,81.2323349651995) (17.85282703460749,34.76720589756689)
35 (68.00097943324258,-26.003806514657832) (59.48539660365751,-46.48238341072965)
36 (52.24194608441582,46.55306848284372) (43.338243361180126,25.234480969405997)
37 (8.347344798939096,93.62415890916144) (-37.32037704498157,104.3336459811326)
38 (39.33258313364062,23.77687390319135) (48.2621584141895,-21.652517414693662)
39 (-29.811960200375246,75.50903150523538) (-70.20629070008687,85.46463627946318)
40 (97.99076841844962,7.149320764751057) (63.74106814999225,-2.763000971618496)
41 (-18.223388973512623,35.15651138415618) (-53.49837732051431,13.455282850216008)
42 (83.08308402519158,43.03257610700142) (46.10034200929072,20.105993037699086)
43 (24.154992966728052,-78.49205493915903) (19.72738497608494,-60.46983928498811)
44 (-16.246117748202867,-88.05041425912835) (-39.70174866192069,-128.43484409167817)
45 (22.10144394307933,82.02178311808412) (43.094309726385944,112.0735656484031)
46 (81.16763817785395,31.60519864420139) (108.98730781644822,38.926318836518966)
47 (55.49387434664932,82.89651792021563) (39.16913261017302,125.4843581265169)
48 (-18.524924487590138,-45.60323096565825) (-48.07344082953462,-10.503947007113794)
49 (-78.71905254005253,-59.48926851734279) (-111.77210896320382,-43.29088595671965)
50 (-12.475956276083568,36.705667134165715) (15.811418031953227,27.162422678005143)
51 (80.7130652982995,6.962322249742585) (98.97676550318683,48.838629009007036)
52 (-30.768321282856817,-16.726395492770607) (-19.09875324837755,-47.629255570440094)
53 (-2.5288832246117487,-13.127961913923938) (38.31750468779059,-16.074503872705982)
54 (-29.84213090243906,-8.305142196827275) (-12.3385898265397,-18.88141234337155)
55 (-2.8964980481899625,99.58699387903022) (-26.505499220523923,109.62524692127384)
56 (28.376347865249,42.10412708868869) (52.301942731759546,6.389844038547693)
57 (-55.924687594342714,11.981125930165533) (-23.50948037589189,18.38990646250877)
58 (-21.31962323571591,88.96870154462384) (-21.599658619914724,77.35509706717745)
59 (-34.34621404438633,43.396857310470985) (-53.83236240338848,52.78636513050707)
60 (36.63974936135716,-34.77651296547086) (61.601115487360985,-58.78602747959981)
61 (77.41737298614916,-41.77141114703145) (50.46870383339855,-27.658084087290817)
62 (45.20109015801665,-30.808490412663748) (65.59751310945178,-53.3803773986522)
63 (-61.85612497790464,-15.350120040468214) (-56.575004819295074,-21.511466533200206)
64 (48.02500731463437,80.67436395208574) (54.52585946468174,73.6028775932313)
65 (20.17762628029051,-35.81911739929281) (25.417932498529638,-21.540124079101794)
66 (23.187397912656376,56.16869831262773) (32.50986185601436,62.411891321454426)
67 (-24.46032035904139,-52.07338647516181) (-35.49538749461179,-68.61983489642031)
68 (23.215357250318394,10.487000528330192) (21.537986052366364,-39.269323520770634)
69 (2.6788568447419756,-62.061572493742794) (45.8904446190254,-65.79681653905533)
70 (-82.2705412288014,13.718200758486407) (-88.17074126370173,24.11962658053065)
71 (-91.74667360863108,9.11767474883847) (-85.21125292954873,-29.915643000700705)
72 (9.121528022678469,-71.65581825644635) (36.89985097003081,-73.10046425770423)
73 (-91.39335469673972,-25.53145516465189) (-65.03452431458334,-32.808509803584705)
74 (32.78518771626091,-66.25071903402143) (23.466921801103076,-71.19293740850422)
75 (51.714410874520084,-56.388571050013496) (78.4789888947519,-53.96782008916437)
76 (-95.45370617364948,-0.7613737838951032) (-74.2429283190562,43.963114406985795)
77 (-16.207989103738406,79.85874711630873) (-6.728297202499913,52.748402535862)
78 (-49.54134891889786,63.722892551211785) (-51.06516950735431,74.57500051685446)
79 (-41.15418710963539,84.99900822459107) (-51.44376768368715,69.22596190486453)
80 (36.318696766473536,-75.08321801577772) (47.73218946605276,-61.46065110600023)
81 (5.761255927284883,76.21188909604007) (-38.03508250079099,53.62428572415932)
82 (43.15642528897795,-76.71546349232963) (33.30234285833368,-71.05194256935656)
83 (-82.30484217782917,32.44018893911934) (-63.21811736495859,-4.471528168360578)
84 (-23.15819319697927,-5.816167125265609) (17.682578312506443,-5.5553856491713125)
85 (-47.448454589522264,-16.237531309425243) (-24.441440324185358,-40.717337949187595)
86 (-19.63066142579634,87.2028754825937) (1.6874956527450031,88.13647111464182)
87 (37.75017548855179,45.96570686221997) (1.6940319644026545,20.14287344117687)
88 (45.77443940927738,15.8690170739286) (73.6926564354722,-16.241338079702697)
89 (32.80198012796076,-90.3601732461712) (55.57621933501666,-116.6274049649252)
90 (66.16757958035586,-14.800990105341604) (96.66249560944338,-5.961646550792503)
91 (-16.84700397854183,67.12699118626679) (-13.972174451026499,116.89592531094993)
92 (-58.14146496229219,-4.6354132132231305) (-72.87278747023166,-16.426475204949735)
93 (-22.512393367138582,-70.151940547514) (-26.753603764922673,-102.50977055696268)
94 (-53.50058319886443,65.76716062119146) (-89.21257967044802,44.31189790983066)
95 (-3.738833346217028,-2.1281949522977452) (14.371606378493595,8.190068371177675)
96 (26.584454779287267,-46.47689564610204) (-12.790360519528317,-37.93869262347362)
97 (60.220237582798426,-79.68331441572843) (59.471384234317675,-126.3604964726602)
98 (4.525482451972091,-17.152983936824505) (0.4437194962466471,-5.860093070793869)
99 (5.623512086468392,-15.675500385095962) (27.017761292492995,-43.798019961689)
100 (46.66267290695666,28.69716691816695) (62.18545665607655,3.6429720288519256)
101 (-36.21939031574405,3.1086901488906267) (-34.69831122161912,-38.22642175930068)
102 (43.70239530882006,-8.83575212413013) (30.13772851837023,-34.207662792702244)
103 (-14.079035153308501,12.536784247114847) (9.812642139522053,0.8401189382325658)
104 (-5.6019507279166145,15.896765639137065) (-20.41762116414163,47.97353022076899)
105 (41.90664123446571,-32.34715288922338) (48.83337839196433,-28.60629497131579)
106 (6.567803086381415,43.42000423227298) (1.1402264327371485,36.88253168238401)
107 (53.886736394874085,33.84568446390521) (22.595060274908533,13.866288470060518)
108 (2.479793867322825,13.314369031957451) (-7.413483658640588,-7.985369087254021)
109 (-24.59105506677438,-15.669740519620266) (-1.4994422523626056,10.437765839958878)
110 (-57.1182040082459,-19.969567164556125) (-38.60365348444054,-2.6562388899065503)
111 (28.400321595545076,-42.524064437149036) (76.70298831544434,-47.052924682274444)
112 (50.85222092661951,67.25064575062811) (93.965291139399,90.13654876608085)
113 (11.073732281745821,39.613337638226426) (-0.737074763595027,-0.6309403783388845)
114 (-32.68276272521086,-33.66239147334686) (-33.45157970157754,-68.58467281963392)
115 (11.438573329925426,44.332543667023245) (17.807335247215768,42.68534649317118)
116 (-22.26658926382902,16.656187511561235) (-26.336857061809848,29.625523281069256)
117 (-24.274049128828423,-39.63603922423066) (12.048511125118083,-18.866857236967444)
118 (75.14963550007698,-50.52635941389634) (34.67209097921963,-65.63645201341095)
119 (36.624472497338594,-90.82174505546632) (26.09785693751018,-55.88827534802013)
120 (14.449073257457854,-63.70789793901625) (22.827945468651663,-80.97190682247093)
121 (84.26919209990106,-0.48785951506636166) (94.32452692191589,-4.928399832722614)
122 (90.26878630926794,18.834323970798724) (98.08725092501541,45.957629384718985)
123 (-26.83821401284543,-54.83235660676766) (6.9559571534093045,-39.81909163470368)
124 (-21.28564828054294,44.94648163364867) (-8.33326438894714,29.338006441060692)
125 (-89.10858900956951,0.6124885375087784) (-126.95417598754344,14.770189715505857)
126 (28.52146437363617,12.731970000706589) (27.530021093472115,33.41384892632403)
127 (17.89057852931196,66.44467201398882) (37.057447940961396,73.83125690554576)
128 (-23.458814274206897,-42.42573655440776) (-34.204687561281375,-87.46532194015316)
129 (7.9697574334229735,-21.6859644630553) (24.576141395494236,-39.51439209934385)
130 (38.40300582711113,59.72173765166104) (3.17833951421067,74.43961418270285)
131 (23.2835192736996,90.1007097714504) (51.26501743095618,55.54790880543684)
132 (49.99586600403545,76.4809816810629) (52.12608869418419,68.10200564204415)
133 (9.765555038641923,-92.32364062184986) (26.836699317358082,-62.902738383827625)
134 (36.3565537181259,76.9543304024281) (51.459101511922434,53.38671947800815)
135 (-4.956654344843417,-83.85681364238788) (32.18886842294358,-58.41228269971894)
136 (47.736425594801204,-49.271129765854766) (75.75183644675278,-59.71497301810849)
137 (65.52215805249355,-7.25284231262154) (47.7705055220907,-25.896326963248868)
138 (-3.052710912725938,-83.71047586575375) (-42.30515230813754,-58.449424781355454)
139 (-7.349113226930898,69.46640695811264) (19.71022523732816,110.77930364358104)
140 (-62.778754661940816,35.65991141767591) (-57.60813641165148,63.59598497676657)
141 (-41.66516057714708,-82.61671431544936) (-46.48674039301468,-79.49872809194052)
142 (81.41116337154304,58.005094223463296) (50.43677525849142,86.84678122333432)
143 (5.5646768913236935,5.083886120286277) (-5.281700250114555,48.703001747342455)
144 (-5.08580781966025,97.88413434518179) (35.34993454028532,109.46488795940557)
145 (-61.88249480134863,3.4882462239683387) (-51.549881760482975,48.2683246741529)
146 (50.50692917132848,-12.768336223644058) (27.489303104056727,-38.66383609242955)
147 (77.24536365048442,-34.23782401582943) (85.88056786722714,3.7038759476603857)
148 (64.41237004410056,53.03287317531619) (46.16311651458565,13.656636231390237)
149 (78.39639633112661,-15.887926962021563) (126.50453638627354,-27.337581235872797)
150 (35.82920231556924,0.8233913645313378) (29.50523621253064,-1.2352464526239861)
151 (-3.763510575294433,3.8776975740117536) (36.42694334272889,-11.665893817527227)
152 (57.676323394802274,-43.83001514552498) (55.287723748959664,-28.528824313862586)
153 (-12.25459760557416,60.07366227069658) (-28.427068189463462,86.59542254235454)
154 (-38.43883638734997,-39.50743299425963) (0.32392798696407965,-33.63765379216598)
155 (-28.74729461281257,40.34200532523439) (-28.391584520887253,75.10503335277734)
156 (39.988330486501184,81.09731953485988) (72.66685821025587,56.75548249860492)
157 (-6.478045547595311,98.41800865804089) (21.272030563215495,107.74699611269922)
158 (50.58608945958437,74.44717029450423) (9.384714439648072,62.71353829139943)
159 (29.55011563725296,-63.77395443215949) (78.29074335792036,-56.98541156749643)
160 (-11.498085591787747,87.467417821248) (-1.840526087557281,111.709280349485)
161 (57.33444288649161,-59.72100977484229) (84.71366075064498,-37.095527837540715)
162 (-80.67380539360643,43.47812346512132) (-91.57637114028232,20.34679294219911)
163 (68.95675844568342,-44.1490312101447) (86.78497680920911,-33.566553280461136)
164 (23.491413489861195,60.6815063904575) (-6.495939289743351,54.348103109215984)
165 (13.528288502013451,-8.509120495100856) (42.420285839416486,31.966530160306778)
166 (48.47166982164732,-55.24058660300741) (28.05773726120448,-98.46619415156496)
167 (-45.0504776041967,-0.9724803435364572) (-47.15502092119962,-19.900304295106352)
168 (0.7339613172058002,-38.565587085715016) (-16.39577717637826,-57.74286724524819)
169 (5.840921104562424,18.673709256141727) (51.66474964765289,14.034294775713128)
170 (-76.54331244363424,58.26454161883291) (-69.04239654869312,63.93280115567522)
171 (46.75061861268873,-33.67895169103201) (66.98992637869372,-4.993437268645366)
172 (-89.08314764044503,-25.25085833331166) (-133.82747072776314,-14.842947263320331)
173 (-23.490866493774824,-3.8348237289906706) (-28.468941401820466,12.122415801947025)
174 (-82.40440441071607,-6.804551673628331) (-51.78982972525134,17.787552649740935)
175 (-20.026850647377287,-4.650825372561166) (1.1668975550406842,37.02077141514169)
176 (-40.13391219542687,-84.34764033227114) (-46.890676388800294,-52.359820699588774)
177 (-9.114755935137083,44.985768747515756) (-46.400370307956074,62.47855803274463)
178 (-16.286016213551267,-31.888592806301364) (10.24825615242624,-1.757413796754733)
179 (-9.867189128129088,67.79299769838396) (30.26328368654296,72.58052814441707)
180 (-54.84460253624242,-15.064585308716055) (-18.06345858632367,-36.699690271929015)
181 (32.65426955946005,35.78575948828624) (32.25099280156693,76.0724288430693)
182 (30.3324702953417,-77.19548857430044) (64.44385316414798,-57.652123393682594)
183 (38.09360877285521,33.96979035558311) (41.811371122299775,23.976072999366878)
184 (-40.31608791476985,16.376833811513734) (-29.268275485121627,-4.223981488686075)
185 (-24.95794377293982,-62.516263291149144) (-44.6638598987156,-55.772664041654494)
186 (-56.24379442568031,43.559837337707386) (-63.94596970333636,56.59195462223988)
187 (-57.93350686338107,69.07144429496503) (-43.08052817615116,39.089764757538106)
188 (-10.811346732827129,-51.421196635945684) (-29.342591030755372,-41.033924182317996)
189 (34.17487490701501,-8.90412263736278) (81.29032818323999,-9.69542326738976)
190 (-26.96697327489924,-8.507066864331588) (6.816262359335575,1.9149930410127887)
191 (-41.18454281206908,21.08881246837104) (-7.916020545408323,-11.241643495197039)
192 (9.832570994010897,-32.0162704074955) (-17.28820867125909,-58.716661382625006)
193 (97.14862111590355,-16.25906046943972) (120.35319650163198,4.615581820070801)
194 (50.91165516608985,79.48197826483757) (71.06843504567067,119.04485011517085)
195 (18.303778932889898,88.88943786172716) (36.34821807555871,54.23872274005803)
196 (20.981790316151976,-95.09220482711198) (8.377467258954303,-134.977292712218)
197 (-56.725142987025876,41.54916573993553) (-73.20788171809765,44.57614895022447)
198 (18.26302561586223,63.882327507823625) (46.90668580731625,81.29227278576059)
199 (-19.870958753581952,-27.137822421422044) (-58.600522733442034,-38.52457942282715)
200 (-24.617788124264443,-29.17051544008764) (3.1974271742505636,3.548724203934235)
