loadNumber pickup dropoff
1 (-9.100071078494038,-48.89301103772511) (-116.78442279683607,76.80147820713637)
2 (73.38933871575719,-86.93443314676254) (-57.594533352956425,28.662926099543245)
3 (-109.23071648186891,-94.63347501104835) (134.9870047348522,-41.02728921942559)
4 (-126.02559605503424,12.036481800074222) (-102.90992982127393,-41.30183670469724)
5 (-113.02298711580897,-28.788384418439914) (-5.185068924995978,-89.13459423667982)
6 (-138.81585973557097,-7.31025663667895) (114.91425212820523,43.59244241133117)
7 (86.85115717568146,89.48744886950469) (-17.298239574244576,33.53842243361643)
8 (-66.54751655340681,-44.928590189503765) (-7.970268610868698,-44.13604272102903)
9 (-41.48405901129298,-139.38690997500595) (-82.99128121032932,73.38972329128366)
10 (-81.03383480274111,-15.260530169659576) (85.97373147108725,-46.40031412793837)
