loadNumber pickup dropoff
1 (-54.26180279917048,119.01607932628842) (-54.096326469321156,88.0659864587483)
2 (33.793546052967564,-48.494197553610384) (4.843721268424378,-112.82540672245409)
3 (90.41087071906281,-146.87759266166728) (50.4903407952727,-161.75594474199772)
4 (-130.84337043819934,56.73713106531707) (-91.64486542858897,-11.830228718150778)
5 (128.08868567006425,6.186655815987665) (163.28654591624056,-82.99106277208519)
6 (-169.8076713081748,10.687469533634465) (-84.60188414794793,-32.78775196463439)
7 (-59.57467884855619,127.25909875182647) (29.45833654963731,166.97202984717848)
8 (33.30351579842473,-103.35185269159618) (44.65696660475767,-143.2212033942486)
9 (-66.63814188871379,-330.20212067669473) (-77.33258037291324,-291.82491442535274)
10 (-20.86834759243444,-219.69206616265117) (-48.378307891702526,-313.2056789946345)
11 (-155.11762708405675,-100.93429054751272) (-240.61274277475977,-67.91841311030379)
12 (132.36981661447018,-39.72588693024334) (102.0006977567441,-130.5319863889366)
13 (288.86717365131,-126.28917651862793) (312.83314134081763,-167.62318253791435)
14 (187.01593586210976,-89.529174745074) (166.2669283729743,-40.9933758857578)
15 (-191.1557997961697,-170.3217289195993) (-148.5144552909137,-234.69452296783857)
16 (12.56694239820032,-39.53892444532604) (-48.067642354994106,-87.25140144463315)
17 (-149.58623638345287,74.82331739415795) (-124.44963500026864,58.805524312117456)
18 (231.77252582366984,-86.58933430036127) (209.44990136407225,-144.675526062281)
19 (-96.29736497563255,-150.59709331990277) (-49.789032202059154,-211.4634546581703)
20 (10.864847837564156,98.80714143487661) (8.183780360719023,170.83811003987702)
21 (10.562241150393412,92.7060983065198) (-46.67034238515431,131.68755540800242)
22 (-1.2396335876872744,-2.80307003264096) (-70.85808780481749,-22.313122115522464)
23 (-98.5722795933602,-31.320431733832493) (-40.060204528320185,24.3019182469083)
24 (153.21381172909605,-194.65565604534223) (236.0343249132054,-222.76240973836462)
25 (-41.56985466157154,-21.242773802423372) (27.397657299024132,3.143995197541873)
26 (-120.54973739979938,-91.34138244081298) (-74.79562963669986,-14.055318888199523)
27 (-97.1192436925839,-26.29648094363492) (-156.39858575027884,-63.06639529631683)
28 (-36.040894560457915,-68.20037766193556) (-91.61670988638866,-69.71601445458892)
29 (-115.52531369499168,102.12134282897873) (-140.9602784088229,107.09768312803189)
30 (72.95192515194847,-190.18181039250095) (133.28441379936604,-198.65735462060988)
31 (61.08584910370095,-250.74177493230576) (-16.598096965649873,-308.6224321695578)
32 (147.5451512919919,-79.79738441627048) (180.1000977119924,-42.85565374108849)
33 (-93.55567591300807,-40.95304693459036) (-114.59924346427988,-36.15066651273211)
34 (11.942124598296777,-115.1437903495432) (44.23029336682025,-134.878852059713)
35 (163.3869839912032,-115.1783591085869) (195.0222150477942,-35.96750713862478)
36 (169.67927456984518,-38.63833474875558) (208.95965503249778,-75.18396455650407)
37 (203.37654309537737,-163.24423090178578) (240.45888123895685,-185.5770786996726)
38 (95.47243132729444,195.81202964524292) (79.0463345673478,150.92716265866204)
39 (34.9191899379353,153.384616286547) (6.2566032143120545,84.82583883207708)
40 (132.94024917680727,78.49134887390507) (97.39527936009655,96.12374541258937)
41 (-218.15429030589212,72.77157547010529) (-286.2435384638267,119.58677677992368)
42 (21.85292163954372,57.03924853380415) (46.27951972570276,126.59621112481389)
43 (-262.4691199472774,-86.13105408397759) (-214.10963550200447,-143.35519928580305)
44 (-177.47248270991068,88.30475703430787) (-169.4502637356173,3.4655925084204995)
45 (57.52658126624521,72.79899099694128) (14.488942530329737,50.588358121440365)
46 (31.923681949507536,-23.517740234117788) (68.79950830265167,-44.30943025918542)
47 (-59.79619129115859,126.27658638557708) (-6.645457878366315,76.28641915875406)
48 (-18.783631020345112,31.8381848344774) (33.448472379365754,85.01159530334517)
49 (26.220333087711793,-90.25168722665487) (-29.245667220771665,-72.69811358132418)
50 (137.99605199059795,-5.925044470590466) (214.02905579297624,-17.985848308726098)
51 (94.82984751952047,-22.344556420365784) (108.92941220561544,22.558331951222222)
52 (6.603245686401841,-21.28383241177776) (64.9283986650849,-39.342866634795584)
53 (-105.4258545269122,184.70925380989374) (-99.19846551407174,88.70628439697286)
54 (1.2544513069215277,-229.83376996947976) (-6.758696314775731,-222.52218494388023)
55 (209.48166056462787,-172.63529296402433) (274.29646558532306,-138.4199054218241)
56 (48.40015884014138,-173.0316884655002) (18.06507710539577,-191.0015379524856)
57 (165.78733556500174,-20.764124483736715) (180.29351688222098,-40.996474374439906)
58 (-149.68561707958395,154.0217273467964) (-113.4351012492245,84.02665573847122)
59 (118.0339148968388,-83.04598210379484) (156.68385884575122,6.516712378098205)
60 (-107.66659010047873,24.602497500489513) (-138.5418229155885,46.8554287079573)
61 (192.52059549476581,-54.809687172229275) (208.1423680673983,-99.33468741766998)
62 (-42.07070529875034,-156.34169319071293) (-99.60326343114161,-155.40936499138544)
63 (-102.5880497036734,-76.09821954404343) (-67.98667943674664,5.692300105892599)
64 (10.820726207271381,-67.65702245909631) (15.974840944511785,-132.3537316279582)
65 (134.9056288392316,-29.411830334652727) (155.68998969644332,-16.15738288853902)
66 (-264.15171289812474,123.66798125081847) (-202.22587825546344,175.27324774330708)
67 (23.819159832045138,-7.6838731275717995) (37.57141812974852,-103.35917000930586)
68 (-3.7884290096565856,-114.74861015673035) (91.13286259278169,-102.37896656356988)
69 (-32.04860064677189,-71.5698497377579) (6.112903758583975,-121.12951567507292)
70 (71.94977359016724,-33.75599665120307) (-27.13626086391467,-36.47323564521227)
71 (-137.34076047768448,43.732878589144875) (-219.74355657770167,88.45497787506119)
72 (-235.06768729310338,175.768654042036) (-147.61957436999234,164.0078991006984)
73 (75.74927949903966,-54.22176360035457) (61.64305157811316,-4.471377842750286)
74 (-37.44390683266503,-90.30829506166283) (-15.063410680927344,-88.41225469348126)
75 (39.21553085565263,-165.3701163167016) (103.07532694259554,-125.68669522945174)
76 (-146.9283832795093,21.940375988134633) (-131.54059526379908,-47.94306938894236)
77 (-119.62913331621085,-34.49868121099853) (-39.93606707466249,-11.231062323131553)
78 (-40.49305229896146,-71.06432872542383) (-1.539833320519321,-70.86622991642112)
79 (81.2204934538087,-272.9905948474583) (93.4717372074224,-303.3965652719452)
80 (-140.75587227993876,-37.02501433265417) (-171.8328949913816,24.785645192468188)
81 (44.33649765141423,-178.14623185338704) (106.01803071426463,-117.92579859214871)
82 (-89.81013475430264,-59.039275961179364) (-75.11007096158612,-14.574037432720154)
83 (109.94398183185741,-98.53186742124954) (86.26454359733219,-193.19061994842758)
84 (-90.59467719564205,-39.19029872265448) (-71.92295938780985,-76.60434179137806)
85 (-61.78884457173659,6.262280766182537) (28.90399374960529,37.897268874211925)
86 (60.06804310795857,93.25399710921849) (-25.71405729976175,57.15342596250434)
87 (70.19447155009728,86.57770162307025) (139.99873933544671,49.68774002804516)
88 (-60.246913922919134,13.140646375067817) (-98.61745256472543,56.33979868225845)
89 (-33.76118312431965,-56.00800953645479) (-17.03663008118053,-35.78542024403492)
90 (148.5257794930265,-31.2484046355923) (146.61671287003907,-77.91772960694307)
91 (128.92207679522832,3.018807406359663) (71.15948690230886,16.247589863242894)
92 (-25.583893413288305,23.723168789685236) (20.761643132460133,-52.121273224031526)
93 (111.44580001140692,47.7406112191595) (167.39570844790782,-10.580953830388005)
94 (67.7673055489616,-262.18851981768915) (130.15625556176386,-254.96320724951644)
95 (170.83342736473904,-175.6347207835335) (132.69583010313974,-207.3433791211417)
96 (-103.46834650098064,14.019987116562099) (-7.42178371038662,0.07780063176271135)
97 (-7.158817076640666,-9.742213209287144) (-88.05587712767488,-3.2293636986088696)
98 (-1.1291150915087158,-209.70999520957992) (54.28443455502267,-278.3859069551646)
99 (-39.79210825138332,-127.04965890190368) (-42.03736127121985,-128.69977924797027)
100 (-136.63489539862573,-184.76465702448633) (-63.83655654781532,-120.25961426312116)
101 (33.21708100825388,-161.7498197348145) (58.45440090618337,-106.46368496545406)
102 (-8.415411649665396,22.101098783388565) (-8.09427856251124,-53.72303113161533)
103 (-73.84168315089472,-326.2413638286532) (-121.24079813951434,-301.791336684353)
104 (150.25898949102697,-284.9205196779366) (156.51810549200553,-250.3834048610876)
105 (-18.222719507935366,-188.46636156088553) (44.367335272315245,-185.17777309440223)
106 (9.111671983090083,-50.601345773855385) (-66.94029243113212,-33.92865599665956)
107 (20.082232126206858,-122.19801005661733) (67.12213159447307,-114.36996016471781)
108 (208.52870154000294,-228.15980286923428) (129.90073476019455,-174.0337795901339)
109 (-38.300188359424226,-160.52776598823056) (-101.36241798863149,-195.89794847075814)
110 (-57.79044238766565,124.5376255908482) (-100.88165382533171,77.12604931757)
111 (-15.135588329860092,-143.12734321678363) (22.924273324317113,-69.11857957501661)
112 (67.88503684434139,-210.889289858672) (81.78975383789171,-235.17359087636768)
113 (73.20527663349718,179.63602951565414) (29.876439506743452,97.80449575616414)
114 (4.698787252599716,34.318858076786846) (13.646532873884716,-21.34804239697565)
115 (-9.974910575335599,-49.450285393852816) (27.643601598283503,-75.15815979310858)
116 (-37.38873049795562,-15.108058165521545) (-60.433988358038285,-87.99565270804328)
117 (76.58053089804287,-138.9654286491446) (142.1606155141039,-134.54534309366906)
118 (96.450983943283,165.97095043109772) (97.84515093671723,212.92639434040885)
119 (-108.08024915075775,64.30745175488252) (-146.81103320951607,59.22649370483199)
120 (-123.05805123327649,-218.9491152443868) (-71.41417049550438,-143.07666633171556)
121 (-10.49723835584814,-132.37325179039775) (-8.38728263931145,-207.97107289514003)
122 (79.81007341304658,136.24139447435684) (61.89486235501584,222.04737035206165)
123 (8.855900223193224,69.08259005270602) (80.23713313783139,36.43703768243533)
124 (136.61077655692546,-98.944589337591) (167.0714334247428,-129.50532846764256)
125 (-130.10401960819962,96.33461598886254) (-174.05447308198552,185.10023790829405)
126 (-100.18778322767643,-148.71306630080358) (-58.915153122879225,-130.35321865836207)
127 (-48.357402085214325,-311.00398868001696) (-64.93185229946143,-326.05051929718667)
128 (-16.123688118702887,-63.72575025060719) (4.803201226244042,-153.00008272901945)
129 (45.9218406554445,47.5971556347197) (139.33380707283072,62.74070391278379)
130 (164.41780535100472,-72.3149892449428) (185.5761228639761,-95.62151338650101)
131 (180.3938329987748,-35.50709950211463) (142.6325869222799,-53.21590161461447)
132 (8.92774198206661,-191.77992975366575) (29.714300360355804,-247.49625011490218)
133 (55.868080761815435,-215.4055762128508) (68.30877753345419,-256.96274088488553)
134 (102.74781335534749,-257.02614338362616) (200.49136682367075,-240.9471118548398)
135 (-180.6679110813299,120.01422787521354) (-130.46251391562012,168.98322261800752)
136 (-14.808917668882097,36.62932841961415) (15.487311363630441,-48.39947817043237)
137 (167.42035032645447,60.9020421384344) (170.44703476944161,60.48853073427069)
138 (21.896340920087606,-26.83865003601418) (-2.9362949755870495,-9.512989536753338)
139 (-171.4819779113947,7.222737314477685) (-176.4872313403547,41.799059089349655)
140 (70.18033470419546,-41.12659985327692) (51.54055014051697,-5.382256274457532)
141 (214.09685513883767,-154.1507590470376) (194.49123746170105,-178.19514799180655)
142 (34.96542616640524,229.01642907256016) (48.46849764801772,254.76543440944917)
143 (-169.14248609312904,186.69501865985043) (-149.2604088453239,115.16774291094842)
144 (152.70299568744213,-197.34348675567324) (83.61703400766721,-200.86558179472297)
145 (-149.86012917131652,177.12668445446766) (-159.80671479534055,248.38234359494214)
146 (107.72442980382138,64.59821216971267) (107.14187794168748,19.19040798294879)
147 (1.6107768677088532,-20.055702150055357) (-55.316455656907955,-56.38512377673541)
148 (8.136096804340749,-152.43025743711036) (-7.450625852209091,-143.60836794869167)
149 (6.470071554853702,-15.24944048677758) (-5.374411853144437,12.674014551141198)
150 (186.74731347102266,-17.381228703217907) (123.60041828633516,-58.53910249355627)
151 (-14.174020323200864,-92.88061894141293) (70.94946913333551,-112.82514298999973)
152 (91.6940757198494,-9.653843636576529) (150.90506965278234,-66.67876204476492)
153 (17.044570083249454,99.43593137592373) (-4.686207032208145,47.38244967391401)
154 (149.8271808983542,-197.63094336642965) (139.96184548143452,-244.7603234640643)
155 (-22.919534601704825,14.02289658326662) (-63.92373024240508,95.68010912724068)
156 (231.09427763745722,-75.80608429863148) (293.1096174107246,-120.69762274667671)
157 (-12.600491247264536,30.51181803504006) (-0.14609566226490678,-67.40446227181782)
158 (13.72301234756351,164.98292260804715) (100.16706719962802,163.11457316394228)
159 (-242.66739858941284,-121.19597500004717) (-179.06074679753624,-152.36241722400226)
160 (151.7750616303546,-138.4083798994715) (153.4383886138949,-53.25787935239366)
161 (-163.8777555019796,45.832774293233555) (-242.40204757183204,48.34717677943223)
162 (88.50748959158479,-69.3573501283611) (171.25778397988927,-99.74194804943409)
163 (247.06634725999598,-8.217862320606915) (251.57884010944042,-70.22194079450723)
164 (151.396775330945,-91.74166707847647) (137.24592275787663,-55.13267675147741)
165 (-65.04506729889297,-100.22097592459292) (-24.169321070985546,-125.42173590931034)
166 (76.5270484694766,8.515781820508602) (32.188991547567355,-26.390615320082595)
167 (2.1893023955205777,12.667767994121306) (56.34309229060642,36.50216127845999)
168 (52.826226585729145,-85.20358945627056) (3.602214288051151,-104.99198519681825)
169 (-2.5548635586544037,-59.741055213905454) (-33.555571152015915,-72.10989700216037)
170 (-95.0174181561711,232.15665942476667) (-119.85592792179791,262.84932997750553)
171 (99.11181479177162,-163.23821425638954) (13.395267303594451,-116.15877385392689)
172 (231.5674670225332,-56.089707001395816) (218.88537585956993,-24.60115089841999)
173 (-81.25131503615276,-22.325245038547614) (-117.70769429618502,62.73454422210022)
174 (114.92665634720375,-55.86106656488766) (71.57793492715132,-52.97674361422576)
175 (-153.86476273319292,30.055452732376345) (-163.7335945499336,67.72682883259952)
176 (-45.87060407061283,99.96609495364571) (14.0347876985212,69.08350823277952)
177 (157.58236454920177,-37.76705932773027) (210.67330643010155,7.858144003262112)
178 (-152.33098203484718,49.92717489731069) (-205.0167649874089,92.64799036920664)
179 (2.1491440774413775,-48.2689698425705) (22.973747651658556,-41.257979907731226)
180 (-32.53023442452287,68.4873308480752) (42.58034053786738,84.01014587782653)
181 (-54.51459300764897,-14.717663166854845) (-28.787634428930506,-105.82174725348384)
182 (120.83628902248371,-36.86947186752339) (173.3976643556611,-102.72023019368073)
183 (141.90616111747954,-101.66589720914725) (187.1069339913236,-26.215695897352518)
184 (-126.32305772264013,79.62162672233306) (-68.99507367027178,140.57617333803373)
185 (-19.198120547941624,-56.21422115447715) (-27.75398345174898,-137.4499975704622)
186 (10.614236236839439,-136.29855407108278) (-6.76445889914282,-171.49523606343007)
187 (-13.943552344835545,91.11899909004636) (-71.80371350970236,87.46199156270318)
188 (245.13877379582223,-159.08752814385852) (194.91072390983396,-158.85781181268402)
189 (58.86216020080444,123.69155905914778) (81.47752147096443,76.0735218631491)
190 (-182.91188201387726,-216.04083151170664) (-92.82591737812152,-242.59073756789314)
191 (-218.3471474029856,57.19818872535038) (-156.82588402386543,36.25635988949868)
192 (165.80566833775524,78.3501497691639) (108.58844035420739,-2.1870628253555537)
193 (-97.57156347838838,1.826534716845885) (-150.87040008202084,24.80958621116751)
194 (17.071797930009822,74.05008041983125) (70.14149720421732,147.19481201693853)
195 (167.32896562833457,-79.6027972985107) (151.46087350111776,-105.26404516360617)
196 (-8.404195231172032,-69.61684217184967) (-106.49611939782076,-77.00392148807802)
197 (-12.739772752012271,-33.95889185100089) (-105.68404682889152,-4.4547667757545355)
198 (-128.38018101728994,243.52095210515634) (-96.21552175516814,270.4518272850546)
199 (143.86287150230743,-150.23808324933205) (195.68400196761863,-185.3166687927952)
200 (64.68467194282965,270.31726329104686) (40.25662354209815,347.08929886509827)
