loadNumber pickup dropoff
1 (-113.3026546335298,85.3260882762463) (76.25561368293096,105.7543730429403)
2 (36.4201889375232,40.775195484029794) (9.944639392473583,-143.660643661297)
3 (-81.11786729757247,115.22187200196214) (-247.91891884855454,45.65736082357705)
4 (-50.3005787629705,-44.682089919575105) (-220.08746356717643,-94.55422275618952)
5 (-10.898506744164031,1.190151847043427) (-93.48490256642734,-136.48559879712806)
6 (-184.65600738854394,-208.67666382241055) (-145.05655290979462,-168.12191243730507)
7 (-13.720959736325344,-4.6617988918095215) (73.08100170010962,-109.54307286306377)
8 (16.791534773562617,-224.34977646360616) (-13.887810709518547,-171.36170851706743)
9 (56.767757961629094,123.95812613567148) (151.8163434327829,34.21082177662554)
10 (102.72451862392832,151.23437615475387) (49.00692102871776,288.93084345444026)
11 (-4.371596323900569,-11.043204856855663) (-196.54473191368928,33.17057641193209)
12 (126.3322577173826,-53.41378577196788) (2.7923628284829505,102.64044907458579)
13 (-226.64355069089103,-106.24110236877499) (-289.14439728410645,-115.8568609134504)
14 (94.91358816080641,305.9381098302048) (29.915993537914574,146.89554695079414)
15 (-78.1719598741902,-49.586369754683666) (44.67991211048928,-100.38388025674368)
16 (22.852182665523113,19.021662662767625) (112.14847437907926,-157.48540318788315)
17 (-17.671102226660313,-7.580772387904535) (-131.913861160996,91.63974976130406)
18 (236.6768388049595,195.3728026057664) (267.93762944315233,157.15062014143368)
19 (18.384491679825558,81.21540703229788) (118.4922031307584,-89.63465591657753)
20 (58.752775709235046,-100.147102423508) (150.05830719600758,33.55931070151529)
21 (-243.8420117615876,-234.95894380525203) (-199.4687731291498,-222.61715184262425)
22 (67.96299566223878,278.5447744913308) (7.358957916614507,338.9014102319498)
23 (-40.78733166405891,117.17445484367184) (-216.01333611919821,46.66099312842134)
24 (-4.508763589060277,18.166783455888012) (137.89298472603755,-46.373446239039666)
25 (-51.91583969488571,35.520007749566005) (102.25330990416901,71.21714752155955)
26 (151.45906637517166,41.62347924290414) (22.493216695957273,-24.631986038728584)
27 (-58.420700761697546,70.45861111529578) (-160.62509973883346,-61.45204093523424)
28 (101.04223109719511,-60.50585111294538) (216.63433654261098,-13.423430324572905)
29 (155.369686141342,7.62765730453162) (331.4730991158908,-53.338297841857504)
30 (66.30210392425994,67.64102145954409) (31.515691758022825,47.96380236590337)
31 (-242.09836575358113,54.5967612889644) (-282.8309720655754,-4.294603244789279)
32 (78.08868687843893,135.08432425607904) (139.8687297496506,154.12454919611815)
33 (148.8611081051048,-20.713603114657566) (90.57944507622001,157.3610773041651)
34 (12.403672879173476,7.734067747790703) (-78.99265623014004,-42.664812660256686)
35 (-138.22203537505808,248.18236423513855) (-112.64382935994584,200.11570824866925)
36 (-143.96802159521346,-90.16169346401763) (-189.91249431485033,-272.9275835613798)
37 (171.46605736001956,-84.90930617658589) (311.9309082785388,0.2865399068460448)
38 (-165.10419377337868,-173.6809996604062) (-162.06711249458095,-31.46359772972977)
39 (32.38897738109702,114.25072424039631) (-108.25667357708667,127.3527086516876)
40 (-24.47990634435333,185.4707122110804) (-130.1038531702029,152.8464378927004)
41 (-13.79825315863814,-6.258488038537513) (-82.47142298166455,-108.51700064990831)
42 (-2.9424801603015283,-199.8066192578865) (-7.484235964131082,-334.7250899759478)
43 (89.51769525476352,70.8140286695048) (164.5047966904225,5.289079188656828)
44 (27.709372994344438,95.74753115327928) (101.94357833595406,244.45800073640135)
45 (-138.90749106564925,84.73682398384925) (-131.29289275955304,-94.02933674667928)
46 (-149.63324685951568,64.69698551083673) (-188.1437002766005,-43.532894573384056)
47 (37.36973365130993,290.59689760804986) (-65.2895204150688,166.2304640111434)
48 (277.54108286700927,-78.10118924206827) (171.526073953016,-121.0050859732815)
49 (-17.265901570466195,-156.46865140517264) (161.45352578591408,-68.48354524790864)
50 (183.95697630819797,-209.4446032072293) (130.31810933268136,-21.936443310627908)
51 (0.006179822860215012,-141.5936428486209) (-140.37864991001518,-143.83502870799296)
52 (-34.65273572193067,-25.273931788851968) (8.13630886144481,-74.57715201315054)
53 (18.86058293362588,3.358959308547396) (-32.94394603598943,168.09633655987432)
54 (23.947977420672405,10.456012074190923) (143.36742510565205,60.345362274691226)
55 (-134.12036095947226,144.44115760258717) (-194.26074455774182,183.53092192610532)
56 (107.7337341046058,-141.1823652715627) (145.86752220624953,48.68719487001488)
57 (93.90779870762628,101.45321962186522) (112.69540693202194,-55.90648094588771)
58 (87.93173310184068,-125.07246615733162) (32.49927829845153,19.704314166624798)
59 (45.79791864115883,53.84177625603202) (-97.6489584689342,-42.87354558497175)
60 (-78.57283937626947,-133.3735679760071) (-179.27554624660667,-293.9631058731899)
61 (42.38631006020492,-113.60441088888463) (176.79406630497974,-41.24695238626681)
62 (-38.323768216596946,155.7615848888867) (16.7895199415945,120.22562358856067)
63 (-221.40231949747124,106.52329308663545) (-236.57395740178464,149.12981495695396)
64 (74.35169056366514,215.84466337528897) (-19.041097902049046,232.1716571440971)
65 (-164.22898324319073,-69.7869029852706) (-23.063059943602525,56.42672389156846)
66 (147.49288111518004,30.869097502938057) (148.0736467898817,18.007357974570816)
67 (-13.500799576030312,199.6516327646771) (96.74739915905893,86.60562734691149)
68 (18.617852245222746,4.268414163813113) (95.2905409357107,120.23859225381277)
69 (143.72130754717026,62.28824532665156) (318.2309951974096,-7.678332040253935)
70 (121.79174908805221,-133.96890012182067) (213.9645132846232,-270.4248515992854)
71 (15.015848546740333,89.564679366458) (149.90131373855493,188.27822563793922)
72 (93.63769471596137,84.0775832931293) (-85.81780410283756,32.24916254852603)
73 (-107.88991392493422,-96.54398836907009) (-89.8300437962828,-265.6334908326045)
74 (10.947691000627886,173.72323966497234) (5.1469869591080775,282.6109562383258)
75 (-242.56181728377283,93.71490506574443) (-153.42400527010136,-7.6103713890030775)
76 (-80.89430786330583,55.088869592903215) (-5.19120740664269,208.2369671826943)
77 (60.191930148791826,-127.70623653328695) (126.22715916454491,-134.47975067222464)
78 (171.8080665515253,17.50659842629138) (219.88357058916915,205.17872521645862)
79 (-8.475437125312238,-88.86906087243804) (54.2944838642436,-54.38724677641027)
80 (-281.918595363062,135.9381024815196) (-111.72058008151416,159.66556358515078)
81 (-73.90103238062179,86.10293628866735) (-32.19248928149506,174.06759177251342)
82 (105.219903154984,-152.05266879049873) (189.23850990520754,-192.00025433196475)
83 (-67.56881396007066,147.61997507831938) (-39.853491344962336,121.30614388529534)
84 (321.13161947659006,-50.380560956393545) (262.2993556323463,-76.22780017778464)
85 (-57.36425705555518,50.11966147078964) (-137.06241719060384,-1.2491148918360224)
86 (-50.24519974053031,-116.70273438121475) (-159.2033807759155,-184.52751105071496)
87 (-132.82652647348564,73.83007142209233) (-93.88756458463351,87.97700136147037)
88 (146.0092293785642,-35.288151897962535) (81.80026614389213,95.23554614003311)
89 (58.83873319046331,-47.2763328146921) (87.5849528537644,134.89284147835522)
90 (85.47141694565907,115.56835468901532) (96.00073510544496,25.928505447944517)
91 (68.27514232585204,53.36967016808262) (38.18541105219986,34.6094205561717)
92 (-180.79998625198752,-277.00630771498044) (-85.01211871725292,-230.1931937171872)
93 (8.960832161128941,133.79368019340743) (-99.94931213368722,108.8994251487387)
94 (35.70192625699228,165.49627851811945) (-77.96705214246126,112.39573901023195)
95 (-2.413733317599449,19.8045898327856) (-62.87456820970682,-44.96883111761876)
96 (-190.64514749383403,74.14534856828236) (-197.29006095352207,143.69510547435192)
97 (124.62257421049179,-76.0355588736685) (20.244584816163695,53.878628962262596)
98 (60.1893546425701,-89.89504386746032) (6.002571655649611,-228.8465757188868)
99 (-182.44424243657764,173.17477444231451) (-50.60331376027193,42.03324514923304)
100 (78.7021349670765,18.24294344009217) (47.878948251249824,-161.2621928622998)
101 (75.19938291503254,-9.092332833271264) (101.30161451451168,56.39236119234099)
102 (142.02365577499052,191.35165809042456) (48.09415376098083,190.4097757544387)
103 (-36.297339138302654,95.09181041178176) (87.77906594742811,132.88047473691438)
104 (242.11556577822714,118.97021033518665) (109.33739530811076,70.52443927673183)
105 (-18.36801105740883,-0.6276554667268022) (-106.52410744834546,-57.47057474035846)
106 (90.50938338197176,73.1845908894094) (5.217571701626781,77.63589008060798)
107 (-159.7406649613387,-139.96128145572166) (-94.17332448776784,-106.9769525696191)
108 (-32.289187110513716,-41.17921591721333) (27.23893865106995,73.8606199624161)
109 (-125.31971793784437,129.43654662113676) (-251.75199124032952,97.71653186679768)
110 (-16.022185938502282,4.335193926222649) (-10.593317460762531,130.60273218058168)
111 (-69.51762655395277,170.24296745157326) (-130.37216365336445,100.09133440554953)
112 (154.42857859514814,142.35620049364348) (60.754371275342095,283.11867311907724)
113 (-23.262677743507087,130.51855909498906) (-45.29881857513918,49.60712005338213)
114 (35.32432471654211,184.0386551588875) (5.357262455022628,340.56162387142217)
115 (-105.96095465277834,112.87307759161794) (-21.422056165277652,-31.80159246879404)
116 (29.291221335397502,62.29241970529645) (177.91336242699091,36.54929363263154)
117 (-7.418325870874391,-13.282069515350493) (149.1484229745943,32.30995180549104)
118 (52.05530228225546,-101.24200304592522) (45.50553087584136,-100.42157790738688)
119 (-10.150580773755298,11.507569131156052) (-100.07623384001191,-28.905317403890898)
120 (-234.21080074588863,131.31669483101564) (-287.4558312875476,117.10049950631108)
121 (-3.280219786864058,-4.775809390511439) (23.795546925600455,-8.26146584468378)
122 (206.89532389510387,-26.322906017652024) (338.8766757164388,-46.71185767205334)
123 (-161.17444416642354,-1.9942492596719577) (-111.08971358387049,127.48814364468683)
124 (-64.07424024177342,128.6366849023853) (-133.07561005317743,266.4134126080104)
125 (-15.214423965124805,-174.66591148609243) (4.270981521160792,-92.890615867092)
126 (-155.0718357622418,-185.2433200312343) (-199.08841750097093,-241.59487821597375)
127 (-53.89737812592447,29.130472789561118) (53.118549093086266,42.0129939131526)
128 (-83.51401188396564,98.36838794125308) (-69.93532051289462,91.12277800942947)
129 (-9.426283069063217,289.56020112716845) (-106.07586536780154,255.68486957798055)
130 (-94.31840079702395,-23.699337946048015) (56.285872697925285,-99.06724027123731)
131 (-76.04460298770192,-102.42253924780321) (-44.50990738930472,-117.4465205570116)
132 (-91.51807007669986,-224.67963588155797) (-4.692386656965255,-254.98045709520554)
133 (-104.21518373653414,-32.67190409923197) (-29.560764964335604,18.993615905133204)
134 (-88.81279295867385,143.65807366129704) (25.098411783903003,292.9990029834081)
135 (9.982869572854986,-6.089246343477592) (51.51626734242907,59.90942234046155)
136 (106.55425593608075,68.33841050355744) (59.00073718287255,-18.92003213022329)
137 (-38.91022495081086,-143.60932776892264) (27.306427392952273,-85.29947989981383)
138 (14.008520129831135,148.38229288438075) (185.30749521784017,82.11564413715301)
139 (-0.19032233630036544,-107.15137497146206) (96.54076403544559,-125.6399286188149)
140 (45.932453812502956,-87.22464183633063) (-10.371576718940283,-110.09424884166613)
141 (-117.9405047905312,17.82956726832938) (43.861130545308825,-77.09056655042878)
142 (-8.062956057365765,10.609600533112499) (-51.26605215318448,138.90074056977858)
143 (-144.71473085329208,15.01924263960985) (20.650406362105542,7.41301306374544)
144 (76.92733632496812,133.43633129365335) (-101.15255674445153,148.36655950255744)
145 (-102.09450339107754,-68.57173973131788) (-268.9848275410134,-152.47710809081343)
146 (105.90668559488617,38.796701038715184) (155.76041939661826,-43.17739531176876)
147 (-211.45024406551542,135.37013456273633) (-210.76241645120078,224.17784698820748)
148 (-103.9929576437278,110.33063981041202) (-205.2021037185501,81.8297940557845)
149 (163.7480502008375,-38.22260889667235) (252.66845407821603,-208.69742379185706)
150 (17.534858529920346,282.4789770093517) (-43.77074953461441,106.05223925573077)
151 (257.5091160279865,145.3807128601444) (142.7006232756616,188.54396694643964)
152 (-10.097319703074746,-76.54879806508717) (-73.72846885507367,89.28055370004972)
153 (-109.08020878414878,271.0259905066034) (-171.17765362680518,114.55092641046298)
154 (17.751385919529874,-96.13929293820497) (91.88268129936029,-121.2098033308409)
155 (-75.96662834195708,75.4631586840038) (10.748872955226418,109.0851641418099)
156 (30.313322126556105,76.47688467047887) (-40.50570304891967,-40.294669397632276)
157 (17.591363593467232,-1.5308644012492953) (-42.47191237753957,-25.329947214618013)
158 (-282.96717839020437,-1.9621191233437871) (-168.0994426233085,-80.58127078885194)
159 (-14.780432993684729,10.709950840863739) (51.164725762243165,-145.38631423707596)
160 (37.56304435204889,-68.24135296698279) (38.251240342944115,128.93474878843355)
161 (19.886807934424322,-21.953841560844428) (2.635753013348701,166.42418284946874)
162 (-201.934431702144,-208.87462625618562) (-193.21767038026977,-195.56156719692035)
163 (168.9910875541801,27.67933237114748) (232.81662717458346,107.57773398979722)
164 (61.833537571808705,-111.0148900821126) (-28.02019736149542,-57.11250612853014)
165 (-17.160035905827502,289.78056514041185) (-34.51821139534168,356.9426377727151)
166 (49.30043109471348,16.686014021288265) (-115.19461485192011,83.51581443999834)
167 (-15.111187499257918,226.39427588850478) (85.00640289593679,304.62554939200413)
168 (-11.17607720095393,-47.50252930471679) (-174.3507310938011,12.192415181173942)
169 (-36.13515140295119,10.451829102116369) (-75.6915067075686,64.90808552561387)
170 (33.27969593168082,81.40625354834862) (8.149491132438474,28.849905192370905)
171 (-95.16464232294895,-89.8757878983971) (-237.60180995657277,-225.21866064614076)
172 (-166.4933090543803,-43.953889338758245) (-348.13275259723594,-63.01966227597892)
173 (-166.88064361723104,15.574448276347773) (-91.86182205307018,-60.97737542862183)
174 (-111.12502919898085,183.99575224111442) (-6.373471665504397,304.1935464854435)
175 (-89.4613751509132,-47.10605461907184) (-45.38785005534437,84.17490633436859)
176 (-11.960441633876869,-136.4534424159708) (73.88561116550915,-106.94582853166366)
177 (-145.77632323601858,-71.12619436351339) (-115.04604521296865,-104.40218202593827)
178 (-80.33407638581616,45.81184649602499) (22.342057517346035,163.62036656032754)
179 (21.086433495922865,25.76444825452758) (-104.12708532235108,26.27295855192296)
180 (-5.655739756635996,-18.558275045990374) (-44.844579780936705,-129.00482223748176)
181 (4.061927783195623,8.91977938049538) (-5.080616202723164,-100.68336434944052)
182 (11.634924553183462,4.58793829005561) (-65.54917206216977,71.75682356363647)
183 (198.24579668864155,76.917586446305) (35.780322945478304,73.80041081461619)
184 (-201.05649829063213,23.625084538829164) (-215.55250849800282,122.81047715522223)
185 (-26.95006364339431,-51.634492235600426) (57.170626719253484,32.25446826576134)
186 (-38.97234341993223,48.40637919726008) (-5.872387168128583,-121.93742209534047)
187 (19.722117967979134,43.30512997904696) (42.33237405082602,45.48039505094135)
188 (54.40404471196105,26.936146066227437) (-47.8347227055274,20.732186223183298)
189 (-11.613987647913282,2.1996372111642764) (-152.96474577310997,84.16830501925486)
190 (12.815139659363144,-15.33273441705417) (28.999425145331912,110.56416550798515)
191 (6.642327788648405,93.48560914782458) (-52.21054541014625,123.09889854683644)
192 (153.34162331546574,-124.89500095362182) (56.75408872677447,-105.86167647919362)
193 (137.3351380874309,19.371407890279222) (289.247684150322,-84.08713691295662)
194 (-1.4083634168652615,-8.88512830127445) (63.06422872159093,86.16842717486156)
195 (33.312997871133035,-103.22427571859922) (131.53531906382088,-55.16162820291252)
196 (53.7839880534513,-179.13430652519668) (192.15977175939213,-139.4633780397234)
197 (0.3726609010902569,3.7651953012235784) (-12.333959073257876,-152.0579902550948)
198 (136.17500154476906,33.53179610819306) (68.49308369309726,206.5698589813481)
199 (-200.39145629703657,-242.06486178369195) (-154.66836094361827,-69.59189606501829)
200 (139.90525695858486,-54.13910956459671) (10.893492288125174,-188.76321781363265)
