loadNumber pickup dropoff
1 (-72.8850312143445,-57.124393809023495) (35.74554033286286,-57.80089484387855)
2 (-93.32693755312869,-60.54555264174519) (-69.96169989149791,127.76376592768594)
3 (55.45701952460878,-69.35270670600825) (9.41229421721961,10.62222489433654)
4 (211.49925305567578,-45.49152699364678) (269.9825502277109,-73.98927928078982)
5 (55.71660147793035,43.067910273641246) (62.282695614908086,191.74258064499577)
6 (-73.41493527740747,-32.83356096604181) (-53.82014395593818,-50.81944995558621)
7 (132.3166430481959,74.09991844662744) (-18.29646442431607,-26.270074290239535)
8 (-70.42292799342408,-64.25139916166577) (56.17079127179764,81.27593512674065)
9 (14.602838801614483,-49.77184842916919) (-30.821877241762664,48.931678988212916)
10 (-48.65304887595864,3.13293586539411) (26.831969645183698,9.229814490555995)
11 (16.33689274207559,-72.19539480359003) (-24.085655849974238,-15.909994229806578)
12 (-64.25068320343142,-160.61670126454172) (62.032657878215005,-114.78662900647281)
13 (28.01067162285775,-22.64326532813802) (-15.474848980876118,-116.63790406874881)
14 (12.077958032757646,-68.97754645405921) (-11.843603738647854,47.754534072278986)
15 (-89.48430925355433,-99.78733905680659) (-133.83103152841727,-23.929152607885996)
16 (6.893312736644924,75.64684200314174) (-109.3450319541508,24.29443419482189)
17 (-42.76110712435,-51.60370686968313) (-80.72209965168261,-45.72813592182804)
18 (55.52605631869913,-4.0390204732070725) (128.41073188242848,-47.608112101199545)
19 (-30.73602321802804,12.092976299466468) (-52.84880272430755,195.34506417181822)
20 (34.54617230041622,-57.171728880502464) (87.03315817646647,-170.39155455855013)
21 (84.65618582108316,-50.34372830617667) (24.04881543747822,60.84140173670602)
22 (101.32733563375467,66.7430133451408) (23.982094601473918,101.74643812304484)
23 (50.9107720784748,56.996378063032616) (139.50476609705217,220.26123341476537)
24 (-15.121625866981281,13.620988917056344) (-59.69616886453744,41.31594174646636)
25 (63.43936157710111,9.549537148482692) (191.8526551241195,19.342445760635016)
26 (-59.823845336975864,15.55255191668551) (64.58165955230052,-27.80248876793057)
27 (-85.19945449533925,-18.150876919151568) (39.120060121896486,78.94151304494477)
28 (-34.22084872816621,-86.5658157397215) (72.19323663079032,-192.7505507834416)
29 (37.947272923772424,-80.29112162866845) (-81.2926348201822,-81.18867507919451)
30 (68.21837997651392,-16.79593726217739) (137.1701653594511,-175.72330863233776)
31 (-147.76536928609096,96.82775253391122) (-45.427927264635414,131.8757118993076)
32 (2.9602715705793017,138.95612145250692) (53.438712190100155,-46.23695065576828)
33 (66.13381208410868,77.73227098371746) (22.472512943373857,149.64793671170844)
34 (-62.91490493584578,-5.366163589392408) (-129.38779165373774,-118.00790084992308)
35 (-212.284057921766,166.0271369534188) (-38.369476676594104,142.2164617916466)
36 (-53.23739470403747,-62.986373076773155) (51.15208629579442,-147.04402323545318)
37 (190.84126472534788,107.33353465006687) (198.984499238874,23.1248412898849)
38 (66.48078486782235,-60.584480549688415) (-87.20959454246382,-148.22216122996105)
39 (56.95355940462912,-198.18707708803444) (15.487610070893354,-175.46396924348466)
40 (-101.51414042063044,-99.40397207417074) (-83.85743312557861,7.800625643980709)
41 (40.01570492807216,-118.99414963487115) (-49.854524993134866,-19.289591655897354)
42 (45.69477973937687,-135.58442713738867) (-23.28873595154667,-6.414287704588929)
43 (-29.770093559913526,0.7120765381076666) (18.331227473665706,-4.332304736879278)
44 (73.43694545703802,-45.01145353914069) (241.87201796962307,-130.62605378713917)
45 (-131.7583394897016,83.62535173666322) (-147.77789994671383,70.1839677713088)
46 (-71.48751506721509,19.766534776134172) (-209.68513999755055,-56.71945635442656)
47 (-26.913527863669806,-22.02824494488287) (-52.94999465079883,-144.167774016637)
48 (-117.95731775973888,-59.80076686107762) (-306.9144132445284,-30.71317224854472)
49 (51.778985941236705,-27.548833268491872) (61.14215332415138,-143.6161692943812)
50 (33.53253669903603,55.45629277203838) (97.05134220005918,57.43124414128834)
51 (48.04520836626286,-23.740987949900653) (182.76896900677082,114.88565632481327)
52 (-79.86843543165452,-96.74007524024094) (-161.59817770442044,-120.07497242057964)
53 (-11.483651342938344,144.34296556864396) (49.927492220801646,-3.370126208534913)
54 (-6.4091366349131675,34.508610676941686) (66.96168957070235,-102.18561909604915)
55 (83.93241296637717,18.071784015473295) (35.11857041986123,210.01312070962334)
56 (-22.73514898823322,93.13693154472618) (-168.46426349324116,13.737883432063)
57 (23.292474450000615,-38.66039369856689) (-91.83376688158941,-28.51335995661679)
58 (-235.82389255307606,148.6722949247154) (-216.11028799683635,-0.142189971942571)
59 (72.90464537963578,-181.65579245953148) (163.3106887118961,-36.17977224496454)
60 (0.5586312672767376,-15.602886872237994) (191.69319936999145,42.394578966493064)
61 (-73.3778255113183,-27.42365519217611) (-238.13813526533306,78.85917179829768)
62 (16.84268999067792,-78.97154512063096) (-119.71117673253767,-178.70773650477008)
63 (30.776300519783966,-75.53195923226704) (18.3352715019423,-173.1488584414645)
64 (67.54493980334122,-4.215245774070828) (-91.17018135017555,-54.46217052560488)
65 (-97.1045193745134,-152.44909474189683) (-2.3321556406184385,12.522430387678952)
66 (44.09455339112992,86.58212778780168) (65.81930527133156,-13.824448542794684)
67 (-281.2414742496348,-99.4655169055131) (-246.31370864787257,-54.918851144486304)
68 (-42.78422839637708,-2.0491200538833074) (130.1396490181398,91.69341602452347)
69 (-24.069574088298324,96.81233555370142) (20.47399644127755,50.32040635831285)
70 (-73.27764274911118,115.9482998767324) (-98.71347805278481,-59.421721122936916)
71 (-155.06980402338823,18.976932212973068) (28.721972279385625,38.69452019552468)
72 (-20.762452185197375,138.44675506731616) (73.75979573640012,56.49933298892232)
73 (-187.7699694325799,-142.83659420595333) (-201.09795042920825,-178.08987411380394)
74 (-161.80091623030677,-5.078105426166587) (-180.18431442437543,162.1894208622361)
75 (-138.77483433525242,27.644044290245304) (-258.78135412501376,146.23040219709458)
76 (152.72703742509253,-151.45375887031287) (96.59340395306376,-25.647169551838843)
77 (202.70395217490335,59.094511197180424) (212.1929029639513,169.23798348540424)
78 (-49.12099438205239,46.75365767086648) (-226.5351176188979,-16.132068344852414)
79 (-241.52986968768727,-72.17992595459714) (-263.4393464786361,-124.17494815754705)
80 (-53.01956406547652,-79.62243293248038) (125.41879903982263,-101.37393191022394)
81 (-64.92126323641477,-141.9349543877873) (-25.75746882868294,1.2341196989935952)
82 (59.37503037792332,203.2342414589555) (231.36278338308722,145.70878147126666)
83 (160.88850418421276,66.14989868792905) (223.21244106681812,181.31758191604303)
84 (94.22571390111901,-12.436168135584198) (-24.98285771851775,21.927073132050282)
85 (-48.83042642247603,-20.033013513002352) (-47.306081803699605,44.69510848982001)
86 (36.140100135718654,5.659451388847496) (106.44649880191626,59.698564458563894)
87 (99.30079290496536,14.48638116870719) (182.20454400504454,95.90945366019167)
88 (-24.846096185226983,-38.170008455665254) (-214.07320490131917,9.422349715048107)
89 (-17.696690162961424,200.64487094265354) (-65.03611334020931,268.92005600390695)
90 (43.601409146060476,-16.378247626506862) (43.37824068155175,181.95297701851)
91 (60.35776821041646,-32.12023911248635) (-6.505007142881091,-18.392477907947367)
92 (-9.675554970589406,6.170556798316184) (71.72339031450133,112.66598813902631)
93 (-98.34884737563073,145.8960513620866) (-73.88509892204084,269.70139248566755)
94 (-59.90637829231191,-33.569416616976234) (-84.36958371796939,-73.45443675475565)
95 (107.66056296620069,-65.141390821749) (0.18430548780094114,-83.53590710847196)
96 (43.29457250787603,35.43221510215481) (9.98716907753819,169.94772413217706)
97 (-10.260912992058875,-17.210597937657855) (110.8139550570366,19.862721973222495)
98 (32.06543575694122,-85.84119532758852) (-8.769903775879591,71.60631850950956)
99 (-7.466702058694273,-46.73455197645206) (-14.079679999303705,129.98778550880186)
100 (-116.2839319179268,-104.45695354599927) (-88.05182765717694,80.61249575257814)
101 (87.30454242561231,180.35422074066392) (106.38144036687318,203.26895869921802)
102 (59.788820513350814,-35.20769550738626) (-122.81198965557591,-87.64123693700574)
103 (-105.86176385936977,-87.00143719724659) (-57.70099551917893,0.4541191088469958)
104 (-18.665631331857913,-40.99087469827655) (89.58546947370529,-146.7786112553363)
105 (32.2658894465752,-6.964618770908683) (-18.576512396024924,15.675098245671375)
106 (16.41064375627578,272.54164160138976) (96.64149284276651,171.3557434088114)
107 (-40.39514818040799,-124.75844221733959) (-148.9772396426309,-36.7757247098951)
108 (92.791235177843,105.49416163433405) (34.28708867896876,86.07265134019312)
109 (142.9661279468143,73.67095237305332) (224.16672849199722,101.1464150374545)
110 (22.398561471282633,-132.31098308747377) (34.85487804534029,-233.43926799383155)
111 (165.5021077932536,-93.70489743443898) (217.44298777651204,13.777804058935772)
112 (87.00839240115235,-4.907201224398128) (17.725252062521747,16.906686570135907)
113 (-2.0842596736811103,58.74648392242494) (88.27555735875356,21.996328906548328)
114 (-93.97314768902697,-112.61567009120242) (-11.948095565169012,-74.44487271089483)
115 (139.25494984751933,179.2170965384778) (-10.381221807148137,166.9480760807976)
116 (57.81662323413004,28.420731603007468) (-21.720239697453913,75.32702415008961)
117 (-84.36155379352867,16.451265486328268) (-49.29731142685701,-35.199085605504656)
118 (-39.43196072514732,47.29190604541951) (-8.343989629652338,13.221116811068363)
119 (-13.698065300732775,-41.019518682486535) (44.281897698172,-31.584642912163574)
120 (-24.670376700558784,-23.249053885263873) (-52.437642870746025,-73.59618385954795)
121 (165.49407912035235,-68.83086497196582) (231.9756871281338,14.318820853296742)
122 (4.4717404466753745,-78.71297106811096) (-38.17854872687083,-161.32640988420388)
123 (101.95769639410015,27.0182130283725) (96.98512845311639,7.293637051000399)
124 (-20.92383076139181,-20.687665816552336) (-69.4803044282245,35.9445041292967)
125 (43.19147872189096,69.99961924040592) (32.34696210664424,-68.15207589485276)
126 (35.30708743342369,-63.723693738761526) (-96.25198879135625,-48.32959961942698)
127 (88.78399533767077,14.770256407151296) (264.5664730817928,-46.93436793570789)
128 (0.8375511386104986,-60.63761732202507) (-30.04202479916809,-90.05262362073731)
129 (-67.99259287880157,90.1419547537759) (-48.90833047796775,181.4572249910674)
130 (43.37112667693559,87.67550047405201) (145.0610816418542,190.8635980731779)
131 (86.42450511676329,30.145551033526882) (-92.16015529333141,109.98040359661086)
132 (-59.65842416707996,-5.9110550414848095) (-41.27646113963944,83.72890773959494)
133 (-84.04122647459415,-32.23489551352721) (62.21382958313241,-65.33433279624738)
134 (-49.05323092942309,49.32474408666964) (-72.03405007761118,83.59728270135184)
135 (141.3978006132295,-24.378934850028614) (30.34527448001161,-6.285335201963367)
136 (-127.9976523733973,41.22841619814562) (44.754604359270104,139.61109692190456)
137 (-138.1918703676293,-54.234657534318394) (-173.05301638196136,133.61619979815487)
138 (-61.90957140314678,-81.72124015506867) (-132.72552936506517,-236.15008732140842)
139 (148.32082267951617,-80.56431058725562) (103.70557544615829,-147.59570348888735)
140 (50.98599888010826,-47.330568646941074) (-10.91725338988644,-103.31557431561833)
141 (-44.14193714174932,-68.02121327423308) (-141.38503393341327,-217.35337265270212)
142 (-32.83714059866615,-4.191683182802584) (104.23965114491234,-74.52827910410149)
143 (-132.44140408346362,-45.137569976137485) (-76.50467943075182,-158.87722639482593)
144 (-222.33284009843936,-21.06130563444625) (-112.31182533047941,85.65394682752648)
145 (-20.692321904110003,-83.54793230247435) (-202.43785861988465,-2.1988054239104997)
146 (14.519449780986957,-29.45931762016523) (-4.517843806861229,-141.04821081836477)
147 (-94.08227719956429,-10.458261962933488) (-221.31336131399405,14.306528613799792)
148 (36.78292943495359,9.218645886770938) (193.87595266188754,-13.682452689927358)
149 (112.13962206820862,75.66044752154211) (169.33650321351254,155.05491379261395)
150 (-73.00048047442951,-183.60549179195976) (-123.05688286582316,-17.139516215151644)
151 (41.42760733450907,-27.72462915243964) (61.85655415658937,41.71798444963134)
152 (-19.726157067617503,16.986530910030183) (-199.3581402653398,-43.308292504977764)
153 (0.7148952187414188,-18.86207336369249) (-148.6875058335867,55.47746002353439)
154 (-185.99146013498427,6.7954414513073615) (8.310900512839709,-1.185876146229833)
155 (-59.75924227543358,40.789218846511574) (0.829211401680169,-122.69728354553177)
156 (7.787451121463296,-85.34028515038123) (-115.69553383033146,12.107790625470287)
157 (-2.4820941287402998,-60.57553759657857) (7.194451001977793,-166.09097881663598)
158 (-16.33254045489341,-52.88629517935657) (69.435075016703,104.02683895279918)
159 (76.42622031897707,-185.59499867638345) (8.878374771662081,1.350099015194786)
160 (58.36545824376801,-73.38822379888724) (88.64061325261612,-193.45215203335027)
161 (65.80431261946788,71.76882068640171) (90.56542601107945,121.65411547479854)
162 (55.32878459998567,-47.96802443955426) (33.91418299099139,-208.5006123811237)
163 (234.2726653166213,19.69311030722312) (94.11569943676398,82.04757070952859)
164 (7.445360509608438,-14.842759875944868) (-33.2435112881312,134.49358072150974)
165 (-9.656754044121962,51.072141525648284) (-147.75401070427068,150.88942845721982)
166 (42.136434082441,22.843228308036117) (-81.77800704492901,-30.804826076702355)
167 (-75.55031050609898,25.68266333864926) (19.575628167885753,100.59112879422777)
168 (5.121358705778064,74.93221586627978) (-33.28916763472466,-65.95225186586369)
169 (9.16318629582882,-33.45305367749613) (152.59227350715548,-16.912560920275332)
170 (23.87037052604512,12.021666907948873) (164.4683212323649,121.1634709101676)
171 (21.082155246130785,-17.85431636855852) (-158.09286849995067,3.541556449907379)
172 (79.56585398351442,-134.6351031254212) (-77.04510299954603,-76.6875633226263)
173 (-54.386124008532185,-41.71758335841608) (-117.45175385900461,-65.15963893775685)
174 (-135.16341982451337,-141.13679278527172) (-153.57986675048846,-189.43972305857244)
175 (61.17662554580728,47.30516325841219) (139.17470679194793,-69.25451326957436)
176 (44.4762222038759,81.73776916669753) (-16.514536793833116,43.247270100449896)
177 (80.13496735662281,-46.18469865181854) (111.32672354141185,66.14986692876562)
178 (-2.39761500938044,-62.55066328791291) (-65.99182348794098,-124.73795317673411)
179 (-173.203091209536,100.4529170435908) (-195.89833419474414,31.847701734176084)
180 (84.925665942825,-120.78484341164165) (-88.39661655916665,-107.78764250467954)
181 (139.5160722197559,-30.203260391593403) (-51.30685263298156,-77.39684283436975)
182 (-90.68841515042192,-14.687008766957337) (-217.87192185533195,-89.3540826814264)
183 (28.333169222131403,-12.709344618165584) (95.82531373783917,-125.9361965120134)
184 (90.17287821701655,2.26003542807207) (248.09759152428944,-73.50735015052845)
185 (-28.744523907349706,-47.04392237071119) (-22.5552693587198,-244.27992761972496)
186 (13.738560219865562,114.08694084046823) (-65.06452531304225,168.85557995752353)
187 (57.447323292298584,-8.173068440795161) (-54.05202653416874,-25.689591349343985)
188 (-60.691825962128185,-1.296748598300109) (-199.91547375857863,125.49745065343281)
189 (-102.69050378566035,43.872546512412505) (-85.66841394878386,-115.2518104497222)
190 (-41.227664986042846,-334.00790922881436) (-70.04615696362109,-239.08194296269568)
191 (-25.9240276993177,-54.85227416533458) (-197.75410374470542,-80.94872255582668)
192 (48.40582188329132,16.163797673842442) (77.41512409617593,-71.61034041195023)
193 (38.76496620966628,-65.31532603402913) (65.16179681058736,80.58738990288235)
194 (-4.44520503738439,45.183419400720155) (92.22772276640185,132.94647416466864)
195 (76.74429928287863,-32.740670812402655) (150.85423342800974,73.50770108494834)
196 (15.965175757780841,86.95747462370755) (19.39032087862075,24.442255480667235)
197 (52.82006320658738,-23.659928310976454) (205.89213607792797,36.95124555126285)
198 (1.1265939693468197,15.49986265574152) (66.50134522741968,-170.0653840359474)
199 (-63.23454647523203,-8.298383457311825) (-189.3417482665745,70.44241313221202)
200 (-92.97803362961476,8.444844425448476) (-113.31189594794236,-17.63296089126338)
