loadNumber pickup dropoff
1 (-42.51051149928979,-116.19788220835095) (-69.06284568487868,-44.12633704833111)
2 (-135.56856966660106,-42.30313425628663) (24.513772062685316,83.51981078425521)
3 (45.453933102324086,103.03011369574995) (59.15695939738137,-51.49907211880285)
4 (-76.5469329286768,91.48860222196586) (114.00076124041803,-36.69153479085791)
5 (64.08311465432345,57.83756486628834) (17.12127641812451,48.51473593516546)
6 (52.23131653001783,-22.399223035773396) (126.64943413378819,20.77010288206155)
7 (-69.5895005125606,-75.97866008775034) (-10.65987133569925,-28.991834885954162)
8 (-98.3103560943842,100.4452053763228) (29.387696451618506,55.908059437552446)
9 (-73.84874957891303,100.74613544289885) (-110.03074103883218,-13.397139937707642)
10 (29.74079817094596,-40.11744274025025) (57.574962707557034,62.100506629993134)
11 (-83.21772855255742,-85.603606799994) (-146.23637114107586,14.636741969473903)
12 (34.75252085621444,-71.3765478204351) (40.888571341509845,-104.52244201294498)
13 (57.099343593270454,116.56335774063677) (6.506995043070345,108.77635538872627)
14 (-53.38326182507093,109.32192119702408) (17.99147136109852,108.10385448945107)
15 (129.22525963232903,23.918979717198603) (39.72793987372708,-123.56303109555078)
16 (-32.90579748393067,64.88534672700409) (-96.87185079651255,81.1452438225654)
17 (-86.19071776557693,61.8476436833606) (-64.12766625628765,-65.89365420940112)
18 (-43.568507618245945,-63.49060205010437) (-12.34823798120337,-82.08247644395003)
19 (11.983872583808562,92.43980286364949) (-102.64025971860715,64.17499105223271)
20 (112.69240654962367,-48.23164178979891) (-44.09067988275803,-31.362888068301142)
21 (121.52497441555957,-72.50440980385078) (-113.53503832056731,-94.73722650948544)
22 (87.99180228284237,-116.82987317410479) (17.400415806866405,55.856762825362786)
23 (117.67721953119526,91.06871032560963) (135.11700683677822,-25.473454387248086)
24 (-126.15338636643551,56.74400807036335) (62.41319246949243,-71.86810901138118)
25 (-12.058889567173683,98.2505823405074) (-42.837557900825075,-125.27250119424635)
26 (16.49328349196567,90.33433046131) (-125.25037025157445,-60.93426454066411)
27 (24.200064794201143,66.37222730004221) (39.16334086208285,-144.10005985498034)
28 (-51.10995153508442,73.85948800273225) (55.23094697496913,-116.57627218051195)
29 (40.72110675643372,-112.58702585771519) (-13.931264593220876,-34.075872260085134)
30 (-132.43137657806776,-16.84054122210204) (-44.93667292595471,119.88656672737457)
31 (42.53320335588828,-24.140697904975138) (-32.16335217553464,13.579305241613456)
32 (-20.831011028621663,133.67019241196897) (-115.88851023826031,89.02279040294867)
33 (45.41821715678501,-125.97555409229047) (-126.16916481093814,-59.67364300972765)
34 (-58.34697708562052,2.3900450820483767) (66.97501918671978,-57.4045225614808)
35 (61.96587320098178,-60.185134822093865) (20.320259626798844,68.58983805416602)
36 (-54.86524841820284,-29.835057354355538) (-50.4824907038267,16.726566001273152)
37 (137.79269641292404,-36.761583950214614) (-69.28432017898463,88.83630896672629)
38 (-110.79514220257775,-37.809675881590664) (4.927921823800967,-98.50464813400764)
39 (-114.47266592691645,11.941036985588783) (-6.996827378454785,-111.81763285657843)
40 (13.20915707086514,31.77007794148608) (-47.101008662265585,0.817153094559655)
41 (-16.795937500941307,92.85376572708536) (98.01449805589507,-40.196036762918745)
42 (38.2004342543062,-105.60766132527603) (114.21714246515947,67.41897535303552)
43 (-68.12904459748094,109.95176351267718) (-26.607582092053995,-31.163937759443673)
44 (115.24009222681866,35.557052326631926) (72.43512518964002,30.147306693903243)
45 (-116.82969356265663,29.94762716120463) (34.0764262604084,-88.54098276675009)
46 (-32.203444522695285,-97.67791030271009) (36.73816287179038,117.97973409699533)
47 (73.45243178051855,-93.46408989071192) (48.09393330936886,72.6690926004084)
48 (5.810175596948972,-38.37679245444264) (17.097278178003187,-28.72598127369498)
49 (-79.2451688625312,56.16253557032373) (110.41910332788468,-62.82217316918404)
50 (62.522469131595365,-96.00660336579264) (-123.13359755359201,31.486488100008984)
