loadNumber pickup dropoff
1 (-98.97966135159214,-29.930117430205225) (-54.10656067236916,-40.860434000131434)
2 (161.69338827025,10.536541785902418) (80.7723838826288,45.61928131030916)
3 (182.88422270651674,33.20199376888315) (236.66241128882592,-4.617188161038818)
4 (-17.549238770392286,124.89282967703275) (48.310635117156274,105.88077938928569)
5 (-24.304974637367465,69.73508307811177) (-57.047684305354295,101.71764557767759)
6 (22.704523424818035,-99.26860197455731) (-52.706708065444374,-79.00195272099369)
7 (-148.47375999214995,-64.88269636103335) (-60.461547638850774,-44.03704870017275)
8 (212.68192066534002,215.24800545982552) (227.64033739436155,268.55031810652446)
9 (13.714278783285954,114.47836639342052) (60.389787130392975,33.0205664638862)
10 (123.97594929396362,183.26183876280857) (153.5656434894932,258.58305638052263)
11 (65.45825992824363,106.74140650847808) (123.04556122828347,151.66338653946255)
12 (-61.41656968667759,292.3524095641063) (-117.63326400900262,224.09169312387746)
13 (128.95991515190119,101.8028471813362) (96.64540779371364,116.35705016274264)
14 (93.62568606220947,-53.601510953929434) (41.32506322681779,-77.58242379926749)
15 (19.537368428902173,0.8557242957468105) (-43.5852189444315,-45.88551508614428)
16 (126.73841838916324,46.141261987943665) (74.11495027969804,94.05838289052764)
17 (89.0452525453675,106.86396679087072) (50.44298779987343,149.91219564649896)
18 (3.4655808059080115,-89.41574726355857) (-47.687417904614904,-77.72474596713172)
19 (114.11064177575606,-51.452238425378084) (150.55811461662796,39.30029757348545)
20 (-116.5155444579804,178.90587488646617) (-166.3576463285498,264.37765004038937)
21 (33.80600830481045,-223.3268171181957) (95.61660602281685,-198.12300327002887)
22 (-26.64456333436509,-45.158060561174686) (13.635056541246968,19.368350242842176)
23 (237.57608273227433,205.13238611597814) (180.30514919654038,151.8564521983921)
24 (-61.5849435184812,199.84867565023652) (27.293319669535364,161.1447411296545)
25 (66.36771077541142,39.974541325988746) (53.18038550011448,95.06714256938105)
26 (-143.368081158476,172.2743054472676) (-173.30185486901004,172.70688958619874)
27 (-92.27300292517019,-160.06159345342263) (-167.25635165709917,-127.90094316948353)
28 (100.91319106987808,60.74121907544262) (36.708932166621,-0.06947330800429796)
29 (175.97664115181038,-66.1231163873866) (160.82375043552554,-131.49228754902157)
30 (4.7150802735863895,12.094299250140118) (-31.600078862611902,56.84286776319489)
31 (26.993473450277712,-109.23381724993726) (9.914244620102927,-69.36837391461644)
32 (186.53571305330004,190.14483565248773) (142.23927542585017,257.2714105556802)
33 (53.7428506446555,-92.28528633871878) (120.12504779687504,-59.08707475347167)
34 (89.41722887958494,-57.235715627554626) (78.04544419360225,36.25907281088334)
35 (69.56240578682747,-14.01420414139271) (52.701520643349774,74.30602408784704)
36 (97.91699016679867,149.21988774186323) (162.3583611319944,75.89997771773375)
37 (-19.008498498650937,-76.53890281946732) (-77.51114834679052,-51.68699629133319)
38 (73.62009145978143,96.3739704389146) (38.81886920234943,119.44129889160394)
39 (63.10923144083712,-12.573686788857067) (49.68387032804967,-19.715524003479402)
40 (-54.41089957949426,-74.08138911159784) (42.20527436258943,-88.70496336923159)
41 (-52.272290264958514,105.77631651311836) (-55.012856842877305,183.4946863682637)
42 (18.328906169847983,-63.41492706952826) (-63.649768301146196,-20.564602431866298)
43 (88.5552528891639,81.36659472939705) (160.82803850047708,16.411480537990357)
44 (-167.8986885516792,64.04130912872621) (-222.59580694918466,35.267580601131314)
45 (-2.169639159146474,-63.420220342060496) (46.42265324477454,-18.672305325730207)
46 (-8.073299337165643,-76.82823200844632) (11.405588433775048,-4.199365046029143)
47 (-205.4322911555268,-32.946074304476014) (-172.5840440807223,-3.3751811293308656)
48 (-213.24131647316656,29.045167479600664) (-243.43330520033243,-24.55346723232458)
49 (255.7611098321339,-7.979454533819935) (218.33690165998567,71.94666621154579)
50 (18.4355732568144,148.68432321141603) (-30.895830132257665,221.05628852853613)
51 (-73.11326746258258,43.59910481727777) (-33.60389000816196,12.894890536444748)
52 (200.4114305856964,-199.08224368858976) (130.71721733752446,-153.0827490293492)
53 (81.46804285979046,-79.13493995292961) (-11.079250523932956,-100.1182300146154)
54 (33.23153166351631,-1.8514110807766517) (60.797147398256776,64.84064834245406)
55 (-69.77814543120563,-148.82038679134152) (-65.57808381828318,-127.42905607830062)
56 (126.92086621555312,105.99891920287877) (44.02775768420712,138.18835388327614)
57 (12.89532746063298,-86.16256669304369) (-11.341526317323279,4.351196672732996)
58 (-62.09162312858963,158.2558238853676) (-89.81878404167854,104.06900311105193)
59 (169.3051432669802,33.05915687146988) (131.85070767210422,79.87810462126288)
60 (11.707497166506748,-171.69557640542092) (-37.23211542258416,-242.14213468280542)
61 (-120.96271420765343,-82.15119583929621) (-80.09609768911497,-20.96774572827342)
62 (-41.48493237566755,-174.0755489751018) (-71.5535887534821,-89.98725002402468)
63 (54.8006206458214,-45.29579515813001) (-14.29949666269998,-27.299354400837817)
64 (53.79733712980284,-134.66080562759305) (121.78929200654362,-203.960066734232)
65 (91.72251937160074,223.2984293373329) (107.10128718169184,139.7816636369002)
66 (126.17886488644265,172.8687393089554) (218.01410386877072,152.36736621909924)
67 (-39.23504152626135,166.56814415000923) (-31.249221009771308,113.31763998293678)
68 (246.08246112017466,166.2790817241408) (185.7934660987388,125.75121444049034)
69 (77.1182549844519,98.31647924697873) (93.20890008088068,76.77096346204254)
70 (11.202163596225901,-23.38909763578191) (-62.63036628638352,32.6812391755694)
71 (90.02317157341723,-99.17147650032727) (-6.988752487374157,-116.54441904358428)
72 (91.18242943328701,-59.28703911632762) (26.444547856224986,-106.18352655760339)
73 (87.08458921922508,177.25208887782125) (168.17420867418843,193.77714729457375)
74 (-163.56815933801238,277.7368329244474) (-172.57028589284877,291.8569327143475)
75 (121.28114787797209,-213.31532471413837) (189.50937118059653,-199.95903634026632)
76 (117.46287510189235,-141.707786583261) (55.72698614244746,-127.10421636133995)
77 (90.22935936270783,-123.06474271251003) (170.32279990583152,-74.0140180021815)
78 (97.12088841182289,-166.45194613131662) (23.91478719520326,-233.29134580958052)
79 (5.8795495251870555,89.97044481285397) (-7.051989695459023,72.57866376472069)
80 (124.84728263979778,-138.625509010356) (120.03156167400827,-176.96611735281135)
81 (-13.360327345651827,-107.2378575285) (-6.46880012396116,-20.69507737271195)
82 (-74.81913417841972,-55.60368554615216) (-72.30358339001356,-152.25432327766612)
83 (124.60968183288152,-209.55731290280207) (161.5223583933174,-172.7559909215716)
84 (-81.62744235607995,183.65075771740214) (-113.96846960197811,164.17401870484656)
85 (55.26149398982059,64.1846103965635) (92.5091628685411,140.97474118379563)
86 (38.42920914532265,21.517590318372743) (109.57006814023478,-4.892028945705931)
87 (221.1650211140732,258.03443664251506) (236.4917656338128,209.45076030564394)
88 (43.182162485270545,-9.192149955188105) (-28.737537997541274,13.105155224541749)
89 (-72.28109803993068,-113.90600693462937) (-79.98412439141877,-82.6131092037916)
90 (153.18351119149463,62.26690161715304) (126.89070917935311,145.19875308052514)
91 (53.87025959039195,17.304264958446254) (-2.6640950898866578,79.42145028333765)
92 (62.2646938000312,74.5104805291035) (81.38230588008489,122.1895422139751)
93 (-45.45666058548702,-48.24208356575422) (-42.02057628878979,-135.54828628069507)
94 (32.06765756283751,107.17709867130878) (66.91211904694143,137.65097800936127)
95 (17.784202695598474,-33.63796924921661) (68.1721711522002,14.452723881915695)
96 (95.76850397353243,47.73933968295351) (121.29100986551309,90.0229906306082)
97 (124.66404404073171,88.54657324086806) (84.97666909331386,158.33226102014112)
98 (55.955717922243956,153.66921724685184) (93.0028615523616,77.96466266366956)
99 (44.469438122401,151.01445393817372) (105.56590128585688,181.7846991224321)
100 (-123.96141906356993,216.74741503007942) (-167.0159124136554,292.15092785778637)
101 (167.00455553407966,-6.865820511551409) (88.19987624010602,-44.057878765642286)
102 (-162.75916887105717,181.33411467481238) (-76.91336562439719,189.30205649483048)
103 (-164.07561828573,-124.90894217088295) (-202.21503218012936,-50.13979297235146)
104 (117.4733984604979,118.3992543840613) (77.23172350641121,89.34581004696705)
105 (35.82130152957245,131.69986691797934) (5.254751742786571,125.97574919120721)
106 (62.53617227371894,47.93058946803669) (143.24305917497074,93.51725616142477)
107 (191.42903282284777,-192.27709829547786) (112.37497454839081,-172.45860768826086)
108 (-15.495412410321649,18.971494919480367) (72.46442343489853,24.36561790636551)
109 (125.4432830954255,-187.1082956262173) (106.37021758095253,-126.89466618386083)
110 (-43.32618360488628,-73.58609706849661) (-11.759983748016005,-92.2535399362943)
111 (-65.97274600556723,-90.29256704939513) (-2.2658482332185486,-20.840558813245494)
112 (126.16579620207241,66.7296765834628) (175.72585520559664,47.338671997038944)
113 (-14.66715533482043,8.58118136884176) (-61.57528419065679,54.96401800941718)
114 (-46.35031827407915,-6.000610433008635) (-16.614913626639844,-94.04789049582472)
115 (38.91607428648711,-45.845601654949114) (53.26733759840427,2.55917770495234)
116 (125.37594702893433,132.13487421297648) (142.879449304163,175.3458758633411)
117 (172.36071333498367,-33.2175938475918) (121.3654808788363,-40.297925268538066)
118 (-98.51060345032798,68.92409401143856) (-80.98901093308457,151.93418248405064)
119 (42.28331556971918,-202.64107688173146) (127.90825458977957,-209.46295462487868)
120 (61.24945009784305,59.72568489287491) (43.78943803764941,-17.41256226375002)
121 (-83.78835273598452,-111.16996799750632) (-35.62208579977986,-152.03946251913905)
122 (-7.156843346630587,9.350347066531528) (-14.45123269044578,-30.417835034877015)
123 (129.8358699134693,-48.145237901845704) (127.86958014320196,-129.50746318261628)
124 (115.47179291176263,-174.38909636394598) (190.18652267344922,-181.86738774695394)
125 (-48.19293462065308,-53.89415536438391) (26.119530650585205,-100.95165185369679)
126 (92.82635737516385,121.67281384893316) (96.94552295879608,27.35412572595098)
127 (-173.9495323840107,297.0341075944207) (-169.36865324718542,307.63198619448895)
128 (121.85097034331702,-16.95931219619552) (157.65793158242485,-46.48681416814851)
129 (-80.7385590605605,-18.658943016230882) (-138.35016832775216,-62.629829770255284)
130 (171.74958112245517,-74.47395239843041) (184.9151348841928,-52.94607127612187)
131 (152.49406315894643,-115.14750462501605) (75.17396641198168,-66.54266911121118)
132 (30.78080172855973,-10.64449276505979) (-17.672165502600947,-34.50357703315282)
133 (108.14071464928305,28.6590042153175) (176.62504438454522,-23.15538919898859)
134 (168.5210537502382,272.69168171865175) (95.40872979600776,211.29095600636956)
135 (58.09146026502025,-26.877328379213452) (36.503280478576464,-48.0662648899493)
136 (3.8876187229669608,-29.547205208860692) (2.121295279518983,-116.4553323750742)
137 (-73.7832603523141,-47.22339312963196) (-46.93973007495326,21.00080403623906)
138 (28.426770688819506,-7.571091295828381) (55.22341525974928,-75.56472766925788)
139 (-23.970057703767097,14.118219036225936) (60.76905554405509,33.68540288155841)
140 (-79.60117940826646,-91.765019647933) (-74.01811576124452,-148.40051881347063)
141 (176.50861658010405,156.20571652824322) (259.73376518142186,158.59157604596408)
142 (-54.324541682423835,49.713635698938056) (-0.5038090582298835,94.65818174171994)
143 (5.148185030249323,11.14390825402715) (-44.217160839472704,0.32341338316430246)
144 (150.10434699648877,256.4479880293335) (218.87433687372481,205.1810210145246)
145 (33.551801050864796,150.3119777058744) (75.5478574886678,81.85324669925035)
146 (71.28854589005988,40.99502029523933) (80.37435912820146,115.24866089779746)
147 (27.81338830944981,-109.5936143768124) (17.700217553707326,-55.22004387154687)
148 (128.6730394854984,-11.991339298390466) (123.39496971753341,38.61071544895065)
149 (-33.54313278059824,234.59562617030798) (-43.96801628241138,300.7928269475143)
150 (55.260983554860005,-100.41606662644757) (13.562323422601295,-15.823157423767839)
151 (57.59287982374947,-76.0771869853165) (134.07233914711452,-26.33278594243736)
152 (6.886180142462773,-7.514874571541412) (14.259768350517046,-14.00812096647947)
153 (116.52141569710801,156.84704344824164) (86.4454664122545,94.99201923066752)
154 (-83.58604663608709,144.21156969886786) (-146.03406042185995,172.62909947556582)
155 (82.5872573112326,-206.60142360006049) (19.81336418627629,-160.34075181058864)
156 (-11.09566698582759,85.51191618951258) (53.0743662201846,128.0891095888634)
157 (41.8249294393935,130.12470884128348) (-53.079871950528485,157.91735309979452)
158 (75.75258259551,213.99469114742) (169.68172616478483,229.00038777199012)
159 (157.23341998397387,200.12725222115176) (170.42641106577332,291.46990030013103)
160 (-90.34044909539544,-7.813004672158886) (-90.7039891518018,-42.27976079473933)
161 (-104.04968142358199,104.72389521805842) (-43.182239415776486,167.0063575058973)
162 (70.05266453578038,105.27205741653212) (69.02127163800782,58.7795837942659)
163 (-6.336706061439126,-2.06431731240178) (-33.38731428920219,-0.22925249670608805)
164 (-36.961483326026325,2.3862573778477794) (53.56648094513719,-19.345462488444376)
165 (-155.89495249094918,-84.48916548289822) (-86.28692729884594,-102.43598479581169)
166 (-31.773013263476297,-6.241938780284968) (-24.232509822212336,6.42356679005756)
167 (199.66486288387532,113.5421770553853) (142.67904120646907,190.45549738880345)
168 (2.627194035479704,-22.964183755928236) (43.99541217448405,-55.94079318520548)
169 (-40.28990620322975,-27.382185630970525) (-37.69695518343216,8.459627728848133)
170 (-59.01859400516518,-58.411582693892605) (-68.38933926406038,-62.667691557744185)
171 (-0.26075310998598944,-144.77810622638034) (-6.451325666864084,-189.74767944701244)
172 (-19.795834722095872,-14.518276002181562) (64.75843404741009,-7.496261647117879)
173 (173.39709803521612,118.95687545585592) (246.31551399227664,159.58984662058566)
174 (-13.793467310958231,-127.29917625748632) (7.061587019474683,-145.98373072589138)
175 (129.5968055520014,-7.881350786380272) (106.10363729219719,-69.93515307273184)
176 (11.942232923483846,-9.796447642247502) (65.57567571670704,25.239815089280512)
177 (76.83668334763254,108.81840904172617) (133.10197149236248,113.13904683232258)
178 (96.99867278469176,55.35170460452262) (30.30370318273424,28.506213891080147)
179 (229.8258685899973,86.25292962982778) (186.1255407921623,107.66893678114128)
180 (53.01021483190273,20.68925302803404) (118.15550511313847,6.448164828235992)
181 (146.8037340409027,-184.5498267089337) (125.15222651879725,-196.26811431227492)
182 (-28.54200927094901,-232.71774337421556) (-31.89216731544751,-186.4647366077955)
183 (-11.472089145910378,-204.79899726082712) (37.51336817467205,-210.7482309273134)
184 (85.10950579458982,136.77467650301816) (94.0284689101134,52.10046590826278)
185 (-46.43629983132794,-150.60005905935742) (34.64742865836064,-121.70064970877272)
186 (139.9452372842912,250.00914400175472) (85.32384402780248,215.72622600938206)
187 (-6.453179244750098,-80.03817971865257) (-50.1909598386959,-49.1386708474644)
188 (3.655353044386329,9.29556508607802) (-3.8167342688020263,-67.67461212650079)
189 (51.22071204808922,85.19356666441877) (112.16996981083781,75.25764793111776)
190 (-36.23754867151489,-127.840496540958) (-87.7238225829881,-173.15779195029646)
191 (-177.78809390632807,-16.221655502734194) (-149.16317381155298,69.20882566301555)
192 (-88.3745995405672,-161.4769930087716) (-107.15521091785624,-71.76971913526282)
193 (58.68604748107419,-27.07582862805892) (74.63061403405243,-60.6542539756615)
194 (-46.89771010020354,4.781829515941648) (-19.679231671954792,-69.66296560599729)
195 (172.14027164217575,171.4095513806247) (251.09207303982652,161.89879839452354)
196 (229.0996960819855,165.03790962126166) (170.9158867903381,167.56297677046473)
197 (-34.50583513640818,11.79944876478355) (10.00516274099924,-38.50156779948885)
198 (-235.23822176414131,-21.261148422185034) (-160.89788535637956,-72.01383391606026)
199 (-31.226452432407054,72.15176963243928) (-105.96054599698641,66.31243634337248)
200 (46.931021068116166,2.790326767766754) (94.26178051092,-80.84744442005079)
